1 0.516827 0.406250 0.052885 0.052885
1 0.712740 0.471154 0.060096 0.062500
1 0.911058 0.401442 0.072115 0.067308
1 0.372596 0.484375 0.052885 0.060096
1 0.668269 0.406250 0.052885 0.057692
1 0.550481 0.456731 0.067308 0.062500
1 0.271635 0.457933 0.043269 0.050481
1 0.259615 0.378606 0.043269 0.045673
1 0.031250 0.447115 0.043269 0.033654
1 0.048077 0.417067 0.033654 0.031250
1 0.103365 0.439904 0.043269 0.043269
1 0.133413 0.396635 0.040865 0.033654
0 0.835337 0.453125 0.079327 0.079327
1 0.206731 0.449519 0.033654 0.043269
1 0.195913 0.395433 0.040865 0.036058
1 0.518029 0.025240 0.055288 0.050481
1 0.912260 0.031250 0.074519 0.062500
1 0.669471 0.026442 0.055288 0.052885
1 0.259615 0.051683 0.043269 0.045673
1 0.049279 0.014423 0.036058 0.028846
1 0.104567 0.006010 0.045673 0.012019
1 0.133413 0.031250 0.040865 0.033654
0 0.834135 0.008413 0.081731 0.016827
1 0.195913 0.034856 0.040865 0.036058
