0 0.307692 0.354217 0.062500 0.081928
0 0.828125 0.346988 0.069712 0.081928
0 0.631010 0.327711 0.055288 0.072289
0 0.449519 0.353012 0.052885 0.060241
0 0.082933 0.379518 0.055288 0.069880
0 0.590144 0.363855 0.036058 0.057831
0 0.799279 0.325301 0.045673 0.053012
0 0.245192 0.337349 0.028846 0.033735
0 0.201923 0.337349 0.024038 0.028916
0 0.062500 0.340964 0.038462 0.036145
0 0.308894 0.010843 0.064904 0.021687
0 0.826923 0.014458 0.072115 0.028916
0 0.629808 0.021687 0.057692 0.043373
0 0.450721 0.006024 0.055288 0.012048
0 0.798077 0.018072 0.048077 0.036145
0 0.246394 0.007229 0.031250 0.014458
0 0.203125 0.006024 0.026442 0.012048
0 0.063702 0.006024 0.040865 0.012048
