0 0.169471 0.361446 0.069712 0.086747
0 0.348558 0.356627 0.048077 0.072289
0 0.443510 0.379518 0.045673 0.065060
0 0.114183 0.381928 0.040865 0.060241
0 0.304087 0.375904 0.036058 0.057831
0 0.487981 0.384337 0.038462 0.050602
0 0.542067 0.389157 0.036058 0.040964
0 0.239183 0.374699 0.050481 0.055422
0 0.026442 0.391566 0.043269 0.045783
0 0.600962 0.391566 0.038462 0.040964
0 0.686298 0.363855 0.045673 0.057831
0 0.751202 0.385542 0.031250 0.043373
0 0.168269 0.010843 0.072115 0.021687
0 0.349760 0.009639 0.050481 0.019277
