1 0.831731 0.320482 0.081731 0.101205
1 0.114183 0.332530 0.069712 0.091566
1 0.629808 0.343373 0.067308 0.089157
1 0.344952 0.338554 0.064904 0.089157
1 0.506010 0.348193 0.060096 0.093976
1 0.457933 0.339759 0.050481 0.086747
1 0.705529 0.374699 0.045673 0.055422
0 0.219952 0.344578 0.064904 0.067470
0 0.280048 0.345783 0.040865 0.050602
1 0.752404 0.369880 0.038462 0.055422
0 0.149038 0.339759 0.038462 0.053012
0 0.076923 0.355422 0.038462 0.069880
0 0.572115 0.359036 0.038462 0.033735
0 0.413462 0.350602 0.033654 0.040964
1 0.832933 0.032530 0.084135 0.065060
1 0.112981 0.024096 0.072115 0.048193
1 0.631010 0.018072 0.069712 0.036145
1 0.343750 0.020482 0.067308 0.040964
1 0.504808 0.016867 0.062500 0.033735
1 0.456731 0.019277 0.052885 0.038554
0 0.218750 0.012048 0.067308 0.024096
0 0.278846 0.007229 0.043269 0.014458
0 0.150240 0.010843 0.040865 0.021687
0 0.078125 0.007229 0.040865 0.014458
