0 0.278846 0.549398 0.052885 0.081928
0 0.498798 0.559036 0.045673 0.057831
0 0.042067 0.528916 0.050481 0.069880
0 0.237981 0.563855 0.043269 0.062651
0 0.150240 0.546988 0.055288 0.057831
0 0.081731 0.550602 0.038462 0.050602
0 0.395433 0.538554 0.031250 0.040964
0 0.453125 0.551807 0.036058 0.053012
0 0.569712 0.543373 0.043269 0.045783
0 0.685096 0.543373 0.043269 0.055422
0 0.771635 0.551807 0.038462 0.043373
0 0.835337 0.536145 0.031250 0.040964
0 0.963942 0.543373 0.043269 0.055422
0 0.909856 0.562651 0.040865 0.050602
0 0.419471 0.550602 0.016827 0.031325
