0 0.274038 0.393976 0.072115 0.084337
0 0.792067 0.372289 0.074519 0.084337
0 0.171875 0.410843 0.074519 0.079518
0 0.407452 0.389157 0.069712 0.074699
0 0.638221 0.390361 0.064904 0.077108
0 0.032452 0.400000 0.050481 0.062651
0 0.953125 0.383133 0.050481 0.053012
0 0.125000 0.406024 0.033654 0.050602
0 0.274038 0.046988 0.072115 0.084337
0 0.792067 0.068675 0.074519 0.084337
0 0.170673 0.034940 0.076923 0.069880
0 0.407452 0.051807 0.069712 0.074699
0 0.638221 0.048193 0.064904 0.077108
0 0.032452 0.038554 0.050481 0.062651
0 0.953125 0.055422 0.050481 0.053012
0 0.125000 0.034940 0.033654 0.050602
