1 0.336538 0.462740 0.048077 0.074519
0 0.823317 0.432692 0.112981 0.129808
0 0.396635 0.450721 0.057692 0.074519
0 0.593750 0.414663 0.110577 0.137019
0 0.504808 0.459135 0.067308 0.096154
0 0.192308 0.360577 0.197115 0.230769
0 0.293269 0.462740 0.076923 0.084135
0 0.936298 0.469952 0.060096 0.069712
0 0.716346 0.456731 0.086538 0.110577
0 0.668269 0.435096 0.048077 0.076923
0 0.822115 0.033654 0.115385 0.067308
0 0.397837 0.010817 0.060096 0.021635
0 0.594952 0.044471 0.112981 0.088942
0 0.506010 0.012019 0.069712 0.024038
0 0.193510 0.094952 0.199519 0.189904
0 0.717548 0.016827 0.088942 0.033654
0 0.669471 0.019231 0.050481 0.038462
