0 0.313702 0.395181 0.055288 0.057831
0 0.460337 0.381928 0.031250 0.055422
0 0.104567 0.396386 0.040865 0.045783
0 0.270433 0.381928 0.031250 0.045783
0 0.347356 0.391566 0.026442 0.031325
0 0.483173 0.391566 0.019231 0.036145
0 0.500000 0.393976 0.024038 0.031325
0 0.546875 0.393976 0.031250 0.040964
0 0.626202 0.398795 0.031250 0.031325
0 0.671875 0.390361 0.040865 0.048193
0 0.703125 0.379518 0.031250 0.045783
0 0.313702 0.110843 0.055288 0.057831
0 0.460337 0.126506 0.031250 0.055422
0 0.104567 0.112048 0.040865 0.045783
0 0.270433 0.126506 0.031250 0.045783
0 0.347356 0.116867 0.026442 0.031325
0 0.483173 0.116867 0.019231 0.036145
0 0.500000 0.114458 0.024038 0.031325
0 0.546875 0.114458 0.031250 0.040964
0 0.626202 0.109639 0.031250 0.031325
0 0.671875 0.115663 0.040865 0.048193
0 0.703125 0.128916 0.031250 0.045783
