0 0.117788 0.404819 0.038462 0.053012
0 0.256010 0.385542 0.045673 0.057831
0 0.070913 0.416867 0.036058 0.038554
0 0.158654 0.384337 0.038462 0.055422
0 0.324519 0.377108 0.028846 0.036145
0 0.352163 0.392771 0.045673 0.048193
0 0.421875 0.391566 0.045673 0.055422
0 0.531250 0.397590 0.038462 0.048193
0 0.562500 0.381928 0.033654 0.050602
0 0.597356 0.396386 0.045673 0.050602
0 0.745192 0.393976 0.033654 0.045783
0 0.727163 0.373494 0.026442 0.048193
0 0.878606 0.379518 0.036058 0.045783
0 0.983173 0.371084 0.024038 0.062651
