1 0.122596 0.288462 0.125000 0.168269
0 0.039663 0.352163 0.074519 0.093750
0 0.212740 0.335337 0.093750 0.108173
0 0.346154 0.319712 0.076923 0.100962
0 0.492788 0.353365 0.057692 0.081731
0 0.524038 0.368990 0.033654 0.055288
0 0.603365 0.343750 0.052885 0.081731
0 0.638221 0.362981 0.040865 0.052885
0 0.730769 0.340144 0.052885 0.074519
0 0.756010 0.350962 0.036058 0.057692
0 0.778846 0.377404 0.033654 0.048077
0 0.844952 0.375000 0.031250 0.033654
0 0.887019 0.394231 0.033654 0.028846
1 0.123798 0.024038 0.127404 0.048077
