1 0.664663 0.353012 0.064904 0.084337
0 0.227163 0.328916 0.064904 0.089157
0 0.550481 0.360241 0.072115 0.089157
0 0.794471 0.360241 0.112981 0.132530
0 0.293269 0.338554 0.072115 0.093976
0 0.391827 0.292771 0.096154 0.122892
0 0.938702 0.361446 0.093750 0.115663
0 0.477163 0.368675 0.050481 0.067470
0 0.745192 0.374699 0.057692 0.103614
1 0.663462 0.012048 0.067308 0.024096
0 0.225962 0.025301 0.067308 0.050602
0 0.551683 0.009639 0.074519 0.019277
0 0.793269 0.020482 0.115385 0.040964
0 0.294471 0.021687 0.074519 0.043373
0 0.393029 0.051807 0.098558 0.103614
0 0.937500 0.015663 0.096154 0.031325
