0 0.852163 0.344952 0.055288 0.064904
0 0.707933 0.356971 0.040865 0.060096
0 0.022837 0.366587 0.026442 0.040865
0 0.070913 0.349760 0.031250 0.040865
0 0.129808 0.350962 0.048077 0.057692
0 0.187500 0.352163 0.024038 0.040865
0 0.213942 0.341346 0.043269 0.057692
0 0.271635 0.355769 0.043269 0.067308
0 0.367788 0.362981 0.038462 0.043269
0 0.424279 0.352163 0.036058 0.045673
0 0.469952 0.366587 0.040865 0.050481
0 0.506010 0.359375 0.040865 0.055288
0 0.537260 0.356971 0.036058 0.045673
0 0.580529 0.362981 0.040865 0.057692
