1 0.106971 0.467470 0.069712 0.081928
1 0.169471 0.420482 0.050481 0.069880
1 0.230769 0.454217 0.057692 0.079518
1 0.407452 0.459036 0.064904 0.089157
1 0.210337 0.377108 0.055288 0.060241
1 0.246394 0.339759 0.055288 0.057831
1 0.307692 0.338554 0.048077 0.060241
1 0.468750 0.306024 0.048077 0.057831
1 0.497596 0.368675 0.048077 0.077108
1 0.519231 0.442169 0.057692 0.079518
1 0.572115 0.478313 0.067308 0.089157
1 0.569712 0.326506 0.052885 0.069880
1 0.740385 0.455422 0.057692 0.072289
1 0.697115 0.402410 0.052885 0.062651
1 0.891827 0.480723 0.081731 0.098795
1 0.245192 0.012048 0.057692 0.024096
1 0.308894 0.013253 0.050481 0.026506
1 0.469952 0.028916 0.050481 0.057831
1 0.570913 0.021687 0.055288 0.043373
