1 0.453125 0.545673 0.098558 0.096154
1 0.626202 0.299279 0.112981 0.117788
1 0.683894 0.251202 0.060096 0.069712
1 0.348558 0.465144 0.081731 0.084135
1 0.483173 0.251202 0.052885 0.069712
1 0.326923 0.515625 0.096154 0.088942
0 0.211538 0.336538 0.072115 0.086538
0 0.518029 0.313702 0.064904 0.079327
0 0.763221 0.246394 0.069712 0.093750
0 0.543269 0.263221 0.048077 0.050481
0 0.914663 0.195913 0.045673 0.045673
1 0.625000 0.037260 0.115385 0.074519
1 0.683894 0.063702 0.060096 0.069712
1 0.483173 0.063702 0.052885 0.069712
0 0.212740 0.010817 0.074519 0.021635
0 0.516827 0.020433 0.067308 0.040865
0 0.763221 0.068510 0.069712 0.093750
0 0.543269 0.051683 0.048077 0.050481
0 0.914663 0.118990 0.045673 0.045673
