1 0.799279 0.730769 0.069712 0.081731
1 0.789663 0.597356 0.045673 0.045673
0 0.102163 0.497596 0.050481 0.057692
0 0.247596 0.579327 0.072115 0.062500
0 0.168269 0.516827 0.057692 0.048077
0 0.135817 0.530048 0.040865 0.040865
0 0.908654 0.626202 0.033654 0.036058
0 0.894231 0.659856 0.043269 0.045673
0 0.717548 0.645433 0.050481 0.055288
0 0.712740 0.581731 0.036058 0.038462
0 0.344952 0.645433 0.074519 0.064904
0 0.423077 0.594952 0.057692 0.060096
0 0.376202 0.562500 0.045673 0.052885
0 0.520433 0.584135 0.040865 0.033654
0 0.570913 0.612981 0.045673 0.038462
0 0.621394 0.632212 0.040865 0.052885
0 0.500000 0.677885 0.062500 0.057692
0 0.670673 0.631010 0.043269 0.050481
0 0.557692 0.567308 0.028846 0.033654
