0 0.945913 0.433735 0.064904 0.081928
0 0.602163 0.487952 0.132212 0.142169
0 0.873798 0.469880 0.074519 0.072289
0 0.703125 0.439759 0.055288 0.065060
0 0.066106 0.424096 0.093750 0.081928
0 0.811298 0.461446 0.088942 0.098795
0 0.268029 0.485542 0.132212 0.142169
0 0.524038 0.383133 0.048077 0.067470
0 0.181490 0.437349 0.084135 0.084337
0 0.051683 0.379518 0.060096 0.055422
0 0.170673 0.365060 0.043269 0.040964
0 0.334135 0.397590 0.028846 0.038554
0 0.429087 0.392771 0.045673 0.048193
0 0.615385 0.413253 0.057692 0.050602
0 0.944712 0.024096 0.067308 0.048193
0 0.701923 0.016867 0.057692 0.033735
0 0.064904 0.028916 0.096154 0.057831
0 0.810096 0.014458 0.091346 0.028916
0 0.524038 0.055422 0.048077 0.067470
0 0.180288 0.022892 0.086538 0.045783
0 0.051683 0.061446 0.060096 0.055422
0 0.170673 0.075904 0.043269 0.040964
0 0.334135 0.040964 0.028846 0.038554
0 0.429087 0.045783 0.045673 0.048193
0 0.615385 0.027711 0.057692 0.050602
