1 0.736779 0.342548 0.093750 0.112981
1 0.835337 0.378606 0.055288 0.084135
0 0.222356 0.343750 0.103365 0.129808
0 0.156250 0.390625 0.062500 0.064904
0 0.436298 0.400240 0.055288 0.060096
0 0.598558 0.400240 0.052885 0.060096
0 0.296875 0.371394 0.045673 0.064904
0 0.881010 0.370192 0.060096 0.076923
1 0.736779 0.092548 0.093750 0.112981
1 0.835337 0.056490 0.055288 0.084135
0 0.222356 0.088942 0.103365 0.129808
0 0.156250 0.044471 0.062500 0.064904
0 0.436298 0.034856 0.055288 0.060096
0 0.598558 0.034856 0.052885 0.060096
0 0.296875 0.063702 0.045673 0.064904
0 0.881010 0.062500 0.060096 0.076923
