1 0.188702 0.437500 0.064904 0.067308
1 0.891827 0.483173 0.043269 0.057692
0 0.935096 0.486779 0.048077 0.060096
1 0.896635 0.435096 0.033654 0.048077
1 0.816106 0.469952 0.026442 0.050481
0 0.783654 0.466346 0.043269 0.048077
0 0.284856 0.438702 0.045673 0.050481
0 0.383413 0.484375 0.036058 0.036058
0 0.412260 0.469952 0.026442 0.045673
0 0.437500 0.463942 0.033654 0.052885
1 0.495192 0.457933 0.028846 0.055288
0 0.526442 0.454327 0.038462 0.057692
0 0.634615 0.477163 0.048077 0.064904
0 0.572115 0.463942 0.033654 0.057692
0 0.663462 0.463942 0.033654 0.057692
