0 0.122596 0.368990 0.072115 0.103365
0 0.231971 0.395433 0.084135 0.098558
0 0.694712 0.359375 0.129808 0.165865
0 0.587740 0.341346 0.074519 0.100962
0 0.341346 0.375000 0.096154 0.129808
0 0.967548 0.247596 0.060096 0.163462
0 0.504808 0.390625 0.105769 0.132212
0 0.829327 0.347356 0.067308 0.064904
0 0.061298 0.278846 0.117788 0.134615
0 0.645433 0.402644 0.074519 0.088942
0 0.695913 0.028846 0.132212 0.057692
0 0.586538 0.021635 0.076923 0.043269
0 0.967548 0.084135 0.060096 0.163462
0 0.830529 0.009615 0.069712 0.019231
0 0.060096 0.061298 0.120192 0.122596
