1 0.078125 0.451923 0.016827 0.019231
1 0.447115 0.436298 0.019231 0.016827
1 0.512019 0.498798 0.024038 0.021635
1 0.810096 0.513221 0.028846 0.036058
1 0.933894 0.519231 0.036058 0.033654
1 0.675481 0.447115 0.014423 0.014423
1 0.663462 0.439904 0.014423 0.014423
1 0.252404 0.403846 0.009615 0.014423
1 0.237981 0.412260 0.009615 0.012019
1 0.078125 0.125000 0.016827 0.019231
1 0.078125 0.961538 0.016827 0.019231
1 0.447115 0.143029 0.019231 0.016827
1 0.447115 0.979567 0.019231 0.016827
1 0.512019 0.080529 0.024038 0.021635
1 0.512019 0.917067 0.024038 0.021635
1 0.810096 0.066106 0.028846 0.036058
1 0.810096 0.902644 0.028846 0.036058
1 0.933894 0.057692 0.036058 0.033654
1 0.933894 0.894231 0.036058 0.033654
1 0.675481 0.129808 0.014423 0.014423
1 0.675481 0.966346 0.014423 0.014423
1 0.663462 0.137019 0.014423 0.014423
1 0.663462 0.973558 0.014423 0.014423
1 0.252404 0.173077 0.009615 0.014423
1 0.237981 0.167067 0.009615 0.012019
1 0.239183 0.996394 0.012019 0.002404
