1 0.853125 0.279687 0.165625 0.115625
1 0.042969 0.391797 0.079687 0.055469
1 0.605469 0.395703 0.067187 0.050781
1 0.284766 0.399219 0.069531 0.035937
1 0.150000 0.407031 0.053125 0.026562
1 0.097266 0.412109 0.060156 0.033594
1 0.485156 0.415625 0.045312 0.040625
1 0.232031 0.417969 0.035937 0.026562
1 0.379297 0.419141 0.042969 0.028906
1 0.672266 0.426953 0.050781 0.028906
1 0.011719 0.425781 0.023438 0.029687
1 0.251563 0.436328 0.021875 0.019531
1 0.549219 0.435547 0.035937 0.033594
1 0.203906 0.451562 0.035937 0.021875
