1 0.454688 0.328516 0.009375 0.007031
1 0.404297 0.331250 0.011719 0.009375
1 0.390234 0.331641 0.011719 0.007031
1 0.450000 0.333203 0.009375 0.007031
1 0.454688 0.336328 0.009375 0.007031
1 0.416797 0.337500 0.011719 0.009375
1 0.705859 0.350391 0.011719 0.007031
1 0.017578 0.373047 0.019531 0.014844
1 0.024219 0.377734 0.014063 0.011719
1 0.188281 0.382031 0.014063 0.017188
1 0.134375 0.397266 0.021875 0.019531
1 0.759766 0.415625 0.028906 0.031250
1 0.100391 0.417578 0.019531 0.019531
1 0.259766 0.417969 0.019531 0.017188
1 0.489844 0.419141 0.026562 0.019531
1 0.520312 0.428125 0.031250 0.021875
1 0.262109 0.433203 0.024219 0.019531
1 0.241016 0.466797 0.028906 0.024219
1 0.357031 0.481641 0.035937 0.028906
1 0.071094 0.483984 0.026562 0.024219
1 0.364063 0.539453 0.021875 0.019531
1 0.133984 0.582031 0.042969 0.026562
1 0.567578 0.614453 0.038281 0.038281
1 0.950391 0.633984 0.050781 0.033594
1 0.176172 0.651563 0.042969 0.040625
