1 0.635156 0.417187 0.048438 0.040625
1 0.209375 0.428906 0.062500 0.048438
1 0.679688 0.430859 0.040625 0.033594
1 0.526953 0.432031 0.050781 0.035937
1 0.554688 0.433594 0.040625 0.035937
1 0.701953 0.434766 0.038281 0.038281
1 0.136328 0.434766 0.050781 0.038281
1 0.896875 0.436719 0.053125 0.045312
1 0.735547 0.437109 0.042969 0.033594
1 0.334375 0.439453 0.053125 0.050781
1 0.841016 0.439453 0.038281 0.038281
1 0.029687 0.442969 0.059375 0.045312
1 0.436328 0.444531 0.050781 0.048438
1 0.478516 0.446484 0.038281 0.033594
