1 0.877344 0.460156 0.026562 0.035937
1 0.772266 0.485156 0.038281 0.035937
1 0.683594 0.507031 0.035937 0.035937
1 0.525781 0.517969 0.035937 0.035937
1 0.569922 0.520312 0.042969 0.040625
1 0.458984 0.524609 0.042969 0.033594
1 0.196875 0.529687 0.031250 0.031250
1 0.149609 0.533594 0.033594 0.026562
1 0.067578 0.544141 0.038281 0.028906
1 0.227734 0.544141 0.033594 0.028906
1 0.015625 0.546094 0.031250 0.026562
1 0.362891 0.565625 0.038281 0.031250
1 0.170703 0.566797 0.038281 0.033594
1 0.118750 0.596094 0.040625 0.026562
1 0.814063 0.622656 0.040625 0.057813
