1 0.060156 0.403125 0.067187 0.062500
1 0.202344 0.406641 0.067187 0.038281
1 0.429297 0.413672 0.055469 0.046094
1 0.516016 0.413281 0.050781 0.035937
1 0.566406 0.414062 0.045312 0.040625
1 0.360547 0.423438 0.033594 0.031250
1 0.850391 0.428125 0.050781 0.040625
1 0.649609 0.430469 0.042969 0.026562
1 0.160938 0.432812 0.040625 0.031250
1 0.330469 0.437891 0.035937 0.038281
1 0.256250 0.446484 0.040625 0.033594
1 0.757812 0.446875 0.053125 0.031250
1 0.937109 0.454688 0.033594 0.021875
1 0.992969 0.473047 0.014063 0.024219
