1 0.938281 0.361719 0.057813 0.048438
1 0.810547 0.370703 0.033594 0.028906
1 0.730078 0.369922 0.050781 0.033594
1 0.428516 0.373437 0.038281 0.031250
1 0.875391 0.376563 0.038281 0.040625
1 0.681250 0.377344 0.040625 0.026562
1 0.591016 0.379688 0.038281 0.031250
1 0.526172 0.382031 0.024219 0.026562
1 0.238281 0.393750 0.057813 0.040625
1 0.118750 0.396094 0.021875 0.017188
1 0.566406 0.405469 0.045312 0.045312
1 0.375781 0.405859 0.048438 0.042969
1 0.152344 0.408984 0.045312 0.033594
1 0.478516 0.437891 0.038281 0.028906
