1 0.635156 0.257031 0.076563 0.067187
1 0.512891 0.258203 0.069531 0.069531
1 0.403516 0.263672 0.091406 0.086719
1 0.899219 0.264453 0.120313 0.100781
1 0.246094 0.266406 0.057813 0.045312
1 0.767969 0.293750 0.089063 0.071875
1 0.705078 0.299219 0.091406 0.098437
1 0.571094 0.305078 0.089063 0.082031
1 0.105859 0.308203 0.105469 0.091406
1 0.285156 0.315625 0.098437 0.071875
1 0.473438 0.326172 0.125000 0.105469
1 0.346094 0.338672 0.098437 0.086719
1 0.632422 0.345313 0.105469 0.093750
1 0.964453 0.373047 0.069531 0.136719
1 0.830469 0.387500 0.129688 0.115625
1 0.082422 0.413281 0.136719 0.120313
1 0.205469 0.415234 0.142187 0.117969
1 0.564844 0.236328 0.067187 0.069531
1 0.719531 0.238281 0.076563 0.076563
1 0.351562 0.239063 0.053125 0.040625
