1 0.383594 0.415625 0.057813 0.109375
1 0.233984 0.462500 0.052344 0.100000
1 0.946484 0.465625 0.046094 0.100000
1 0.501953 0.407813 0.047656 0.106250
0 0.840625 0.454688 0.056250 0.096875
0 0.149609 0.467187 0.052344 0.103125
0 0.659766 0.426563 0.047656 0.093750
1 0.318359 0.440625 0.039844 0.093750
0 0.459375 0.441016 0.034375 0.063281
0 0.428516 0.444531 0.025781 0.057813
0 0.542969 0.430078 0.035937 0.085156
0 0.618359 0.442578 0.039844 0.072656
0 0.570703 0.446094 0.032031 0.060937
0 0.739453 0.455078 0.032031 0.066406
0 0.721094 0.455469 0.029687 0.054688
0 0.761328 0.449219 0.025781 0.054688
