0 0.166016 0.515625 0.060156 0.096875
0 0.485938 0.508984 0.046875 0.083594
0 0.955859 0.520703 0.039844 0.066406
0 0.273828 0.536328 0.028906 0.060156
0 0.312891 0.531641 0.028906 0.057031
0 0.365234 0.534766 0.033594 0.057031
0 0.392188 0.528516 0.021875 0.057031
0 0.449219 0.523828 0.035937 0.066406
0 0.577344 0.541406 0.042188 0.070312
0 0.798047 0.532031 0.039844 0.070312
0 0.914062 0.531641 0.037500 0.057031
0 0.843750 0.536328 0.037500 0.060156
0 0.739844 0.511328 0.035937 0.063281
0 0.632422 0.551953 0.033594 0.063281
0 0.658594 0.542578 0.026562 0.066406
0 0.056250 0.536328 0.031250 0.060156
0 0.021875 0.542578 0.037500 0.066406
0 0.202344 0.526953 0.026562 0.066406
