0 0.966797 0.394922 0.061719 0.117969
0 0.079297 0.388672 0.067969 0.111719
0 0.597266 0.395313 0.053906 0.100000
0 0.203516 0.410938 0.047656 0.096875
0 0.329688 0.423828 0.034375 0.063281
0 0.021484 0.443750 0.039844 0.090625
0 0.152734 0.453125 0.052344 0.084375
0 0.265234 0.432812 0.039844 0.084375
0 0.396484 0.418750 0.046094 0.081250
0 0.434766 0.414453 0.038281 0.066406
0 0.505859 0.412500 0.039844 0.081250
0 0.536328 0.423828 0.032031 0.063281
0 0.691797 0.421875 0.052344 0.093750
0 0.664844 0.401562 0.035937 0.084375
0 0.742969 0.419141 0.035937 0.069531
0 0.824609 0.385937 0.052344 0.087500
