0 0.116016 0.575781 0.035156 0.070312
0 0.165625 0.570703 0.031250 0.066406
0 0.194922 0.564063 0.027344 0.053125
0 0.233984 0.590625 0.027344 0.046875
0 0.225781 0.553125 0.023438 0.046875
0 0.275391 0.584375 0.035156 0.053125
0 0.321875 0.541016 0.031250 0.063281
0 0.356641 0.560937 0.025781 0.053125
0 0.386328 0.562891 0.025781 0.060156
0 0.407813 0.565625 0.021875 0.050000
0 0.435156 0.553516 0.023438 0.066406
0 0.456641 0.548828 0.025781 0.063281
0 0.486719 0.559766 0.029687 0.060156
0 0.505469 0.557813 0.023438 0.046875
0 0.527344 0.559766 0.023438 0.060156
0 0.546094 0.545703 0.023438 0.063281
0 0.569141 0.548828 0.025781 0.057031
0 0.917188 0.531641 0.031250 0.063281
0 0.863672 0.526953 0.027344 0.060156
0 0.828125 0.534375 0.031250 0.053125
0 0.778906 0.553125 0.023438 0.053125
0 0.739844 0.533203 0.029687 0.066406
0 0.709766 0.553125 0.019531 0.053125
0 0.686719 0.550391 0.023438 0.060156
0 0.653516 0.560937 0.035156 0.046875
0 0.657422 0.526563 0.027344 0.046875
0 0.604297 0.528516 0.033594 0.063281
