0 0.281641 0.558203 0.053906 0.094531
0 0.497266 0.566016 0.047656 0.066406
0 0.041797 0.532031 0.052344 0.082812
0 0.239063 0.572656 0.043750 0.073438
0 0.150000 0.553516 0.056250 0.066406
0 0.082422 0.556641 0.039844 0.060156
0 0.395703 0.544531 0.032031 0.048438
0 0.453516 0.560547 0.038281 0.061719
0 0.570312 0.549609 0.043750 0.055469
0 0.685937 0.547656 0.043750 0.064062
0 0.774609 0.558203 0.039844 0.050781
0 0.836328 0.539844 0.032031 0.048438
0 0.965625 0.549219 0.043750 0.064062
0 0.911719 0.570703 0.042188 0.060156
0 0.418359 0.555859 0.017969 0.036719
