1 0.051953 0.368750 0.060156 0.137500
1 0.193750 0.383594 0.056250 0.107813
1 0.845703 0.411719 0.060156 0.110937
1 0.570312 0.396094 0.056250 0.101562
1 0.423438 0.388281 0.050000 0.110937
1 0.515234 0.396484 0.039844 0.086719
1 0.757812 0.438672 0.050000 0.092969
1 0.360156 0.399609 0.035937 0.086719
1 0.109766 0.423047 0.032031 0.080469
1 0.154688 0.421484 0.043750 0.083594
1 0.254297 0.427734 0.046094 0.083594
1 0.328125 0.424609 0.043750 0.096094
1 0.646094 0.407422 0.042188 0.096094
1 0.939453 0.453516 0.032031 0.057031
1 0.985938 0.472266 0.028125 0.057031
