1 0.260937 0.396094 0.056250 0.117188
1 0.493750 0.414062 0.043750 0.093750
0 0.203125 0.447656 0.071875 0.129688
0 0.701562 0.401953 0.065625 0.135156
0 0.933984 0.333594 0.124219 0.207813
0 0.593750 0.417969 0.065625 0.117188
0 0.832031 0.403906 0.057813 0.120313
0 0.140625 0.441797 0.056250 0.099219
0 0.385547 0.451172 0.052344 0.108594
0 0.757422 0.428125 0.046094 0.090625
0 0.660156 0.417187 0.035937 0.093750
0 0.082812 0.471875 0.043750 0.087500
0 0.350391 0.484375 0.047656 0.093750
0 0.425000 0.405078 0.034375 0.069531
0 0.450000 0.460938 0.043750 0.078125
0 0.797656 0.437109 0.035937 0.096094
0 0.527734 0.460938 0.039844 0.078125
