0 0.747266 0.289844 0.035156 0.073438
0 0.573438 0.307422 0.037500 0.052344
1 0.383984 0.323828 0.049219 0.085156
0 0.941797 0.357812 0.049219 0.078125
1 0.414453 0.432422 0.057031 0.083594
1 0.181250 0.435547 0.050000 0.089844
0 0.647656 0.516797 0.045312 0.080469
1 0.318750 0.910937 0.050000 0.084375
0 0.663672 0.132031 0.039844 0.057813
0 0.531641 0.149609 0.035156 0.067969
0 0.679297 0.192969 0.049219 0.064062
1 0.135547 0.210156 0.046094 0.085938
1 0.477734 0.241406 0.039844 0.085938
0 0.834766 0.244922 0.038281 0.064844
0 0.608984 0.255078 0.036719 0.069531
