1 0.204687 0.421094 0.056250 0.098437
1 0.556641 0.426563 0.047656 0.090625
1 0.333203 0.440625 0.053906 0.090625
1 0.134766 0.430469 0.047656 0.082812
1 0.025391 0.448828 0.047656 0.103906
1 0.300391 0.445312 0.032031 0.075000
1 0.442188 0.437891 0.043750 0.085156
1 0.480078 0.438672 0.032031 0.061719
1 0.520312 0.419922 0.028125 0.061719
1 0.635547 0.407422 0.052344 0.092969
1 0.890625 0.428906 0.050000 0.082812
1 0.840625 0.431641 0.034375 0.069531
1 0.736719 0.425391 0.035937 0.066406
1 0.700391 0.430078 0.038281 0.066406
1 0.671875 0.428516 0.028125 0.066406
