0 0.408984 0.492578 0.071094 0.107031
0 0.241406 0.615234 0.135937 0.186719
0 0.305078 0.530469 0.082031 0.145313
0 0.850000 0.495312 0.084375 0.118750
0 0.963281 0.534766 0.073438 0.166406
0 0.485938 0.452344 0.046875 0.092188
0 0.103906 0.458594 0.064062 0.092188
0 0.206250 0.720313 0.162500 0.228125
0 0.775391 0.451953 0.066406 0.097656
0 0.700000 0.425000 0.037500 0.059375
0 0.521875 0.459375 0.037500 0.062500
0 0.558594 0.449609 0.042188 0.067969
0 0.226562 0.443750 0.046875 0.062500
0 0.307031 0.421875 0.035937 0.059375
