1 0.907031 0.227344 0.064062 0.117188
1 0.364063 0.241406 0.056250 0.117188
1 0.092578 0.252344 0.053906 0.107813
1 0.517188 0.233594 0.050000 0.110937
1 0.680859 0.241406 0.046094 0.110937
1 0.214844 0.279297 0.057813 0.102344
1 0.457031 0.268359 0.035937 0.092969
0 0.769922 0.262109 0.039844 0.086719
1 0.717969 0.271875 0.035937 0.075000
1 0.574219 0.257812 0.035937 0.081250
1 0.600781 0.271875 0.029687 0.068750
1 0.633203 0.270313 0.038281 0.084375
1 0.254688 0.258984 0.028125 0.089844
1 0.311719 0.262891 0.029687 0.063281
