1 0.722266 0.468750 0.075781 0.084375
1 0.332031 0.263672 0.057813 0.064844
1 0.426172 0.248047 0.052344 0.077344
1 0.332813 0.099219 0.043750 0.067187
1 0.629687 0.100391 0.050000 0.069531
1 0.808203 0.484766 0.060156 0.082031
0 0.163281 0.239063 0.042188 0.053125
0 0.045703 0.116797 0.025781 0.055469
0 0.846094 0.258984 0.042188 0.055469
0 0.797656 0.198047 0.042188 0.055469
0 0.735547 0.171875 0.046094 0.062500
0 0.610938 0.437891 0.056250 0.060156
0 0.499219 0.342969 0.057813 0.057813
0 0.586719 0.350391 0.057813 0.060156
0 0.298438 0.136328 0.043750 0.050781
0 0.421094 0.116797 0.035937 0.055469
0 0.448828 0.107422 0.038281 0.055469
0 0.482031 0.119922 0.035937 0.055469
0 0.517969 0.115625 0.035937 0.053125
0 0.560547 0.091406 0.052344 0.067187
