1 0.563672 0.565625 0.049219 0.090625
1 0.133203 0.589063 0.041406 0.065625
1 0.054297 0.555469 0.036719 0.048438
1 0.083984 0.585938 0.036719 0.065625
1 0.226562 0.579688 0.031250 0.062500
1 0.277734 0.568750 0.033594 0.065625
1 0.315625 0.596094 0.046875 0.079687
1 0.398438 0.563281 0.046875 0.076563
1 0.521484 0.586328 0.036719 0.069531
1 0.495312 0.570312 0.031250 0.062500
1 0.638672 0.565625 0.036719 0.062500
1 0.677734 0.566016 0.033594 0.069531
1 0.719141 0.584766 0.041406 0.072656
1 0.801172 0.561328 0.049219 0.072656
1 0.899609 0.556250 0.033594 0.062500
1 0.969922 0.564844 0.049219 0.079687
