1 0.107813 0.432812 0.106250 0.165625
1 0.935937 0.501172 0.043750 0.058594
1 0.890625 0.498437 0.034375 0.056250
1 0.370312 0.457813 0.071875 0.125000
1 0.416016 0.474219 0.047656 0.098437
1 0.468750 0.480859 0.043750 0.077344
1 0.498047 0.460156 0.039844 0.082812
1 0.603906 0.502734 0.042188 0.061719
1 0.653516 0.499219 0.038281 0.064062
1 0.726172 0.492578 0.039844 0.069531
1 0.787500 0.507422 0.021875 0.042969
1 0.846875 0.498047 0.034375 0.058594
1 0.821484 0.496875 0.024219 0.053125
0 0.564844 0.479687 0.029687 0.056250
0 0.515625 0.495703 0.028125 0.047656
