0 0.881641 0.351953 0.085156 0.157031
0 0.651172 0.349219 0.055469 0.129688
0 0.536328 0.375781 0.063281 0.129688
0 0.771094 0.342969 0.060937 0.120313
0 0.595313 0.373828 0.050000 0.113281
0 0.312500 0.360156 0.050000 0.120313
0 0.192578 0.396094 0.053906 0.123438
0 0.026562 0.435156 0.050000 0.129688
0 0.266406 0.403516 0.048438 0.107031
0 0.348828 0.384375 0.044531 0.100000
0 0.405859 0.368359 0.042969 0.083594
0 0.968359 0.348047 0.033594 0.083594
0 0.687891 0.357422 0.035156 0.086719
0 0.721484 0.365234 0.033594 0.089844
