0 0.133203 0.272656 0.153906 0.260937
0 0.757031 0.229297 0.129688 0.233594
0 0.614453 0.288281 0.075781 0.157812
0 0.375391 0.351562 0.097656 0.187500
0 0.493750 0.316797 0.065625 0.117969
0 0.250781 0.358203 0.042188 0.072656
0 0.300781 0.341016 0.042188 0.082031
0 0.586328 0.033594 0.032031 0.048438
0 0.639844 0.039844 0.029687 0.060937
0 0.693359 0.047656 0.024219 0.057813
0 0.276562 0.175781 0.028125 0.048438
0 0.315234 0.039844 0.024219 0.054688
0 0.345313 0.041406 0.021875 0.039062
0 0.398047 0.024219 0.024219 0.042188
0 0.380469 0.039844 0.020313 0.048438
0 0.366406 0.053906 0.020313 0.045312
