1 0.144531 0.614844 0.164062 0.345313
1 0.243750 0.473828 0.100000 0.235156
1 0.417969 0.512109 0.057813 0.149219
1 0.399219 0.428125 0.042188 0.078125
1 0.454297 0.417969 0.052344 0.117188
1 0.561328 0.429297 0.060156 0.146094
1 0.642969 0.805469 0.264062 0.389062
1 0.742188 0.545703 0.100000 0.188281
1 0.821094 0.462891 0.092188 0.185156
1 0.968359 0.596484 0.061719 0.324219
1 0.714844 0.376172 0.057813 0.146094
1 0.610547 0.469531 0.102344 0.142187
1 0.611719 0.640234 0.170313 0.249219
1 0.672656 0.480469 0.057813 0.142187
1 0.641797 0.377344 0.067969 0.092188
