1 0.189062 0.418750 0.065625 0.090625
1 0.893750 0.479297 0.043750 0.077344
0 0.937500 0.482031 0.050000 0.082812
1 0.897656 0.414453 0.035937 0.066406
1 0.815625 0.461328 0.028125 0.069531
0 0.784375 0.456641 0.043750 0.066406
0 0.286328 0.419141 0.047656 0.069531
0 0.383203 0.478516 0.038281 0.050781
0 0.412500 0.460547 0.028125 0.061719
0 0.439063 0.453125 0.034375 0.071875
1 0.497656 0.445312 0.029687 0.075000
0 0.527734 0.439844 0.039844 0.079687
0 0.635938 0.470703 0.050000 0.088281
0 0.574219 0.454297 0.035937 0.077344
0 0.664844 0.452734 0.035937 0.077344
