0 0.065625 0.315234 0.065625 0.114844
0 0.182812 0.263672 0.065625 0.111719
0 0.228516 0.192578 0.053906 0.107031
0 0.308594 0.274609 0.064062 0.111719
0 0.367969 0.243750 0.057813 0.109375
0 0.427734 0.182422 0.052344 0.077344
0 0.478906 0.279297 0.064062 0.096094
0 0.503125 0.210547 0.050000 0.096094
0 0.611328 0.212109 0.060156 0.092969
0 0.806250 0.355078 0.056250 0.085156
0 0.663672 0.218359 0.052344 0.096094
0 0.943359 0.312109 0.067969 0.133594
0 0.840625 0.265234 0.056250 0.092969
0 0.767188 0.222266 0.065625 0.103906
0 0.761328 0.143359 0.047656 0.077344
0 0.839063 0.175391 0.056250 0.085156
