1 0.079297 0.734766 0.124219 0.191406
1 0.431641 0.680469 0.097656 0.160938
1 0.200781 0.291406 0.042188 0.060937
1 0.423438 0.505469 0.050000 0.067187
1 0.530859 0.344141 0.046094 0.072656
1 0.452734 0.336719 0.039844 0.051562
1 0.154297 0.246094 0.039844 0.048438
1 0.185938 0.214844 0.028125 0.051562
1 0.566016 0.333594 0.032031 0.051562
1 0.015625 0.116016 0.028125 0.085156
1 0.172656 0.083984 0.029687 0.039844
1 0.528125 0.241797 0.028125 0.039844
1 0.618359 0.357031 0.039844 0.064062
1 0.772656 0.358203 0.057813 0.085156
1 0.007422 0.292578 0.011719 0.088281
