1 0.046094 0.424219 0.070312 0.123438
1 0.514062 0.372656 0.056250 0.129688
1 0.235156 0.404297 0.057813 0.108594
1 0.884375 0.347656 0.071875 0.129688
1 0.665234 0.339844 0.061719 0.123438
1 0.734766 0.379297 0.053906 0.108594
1 0.141016 0.402734 0.053906 0.105469
1 0.784766 0.371484 0.047656 0.105469
1 0.417969 0.380859 0.064062 0.111719
1 0.289453 0.390234 0.047656 0.099219
1 0.461719 0.373047 0.035937 0.108594
1 0.630078 0.391016 0.032031 0.066406
1 0.927344 0.382422 0.042188 0.102344
1 0.603125 0.405078 0.028125 0.063281
