0 0.944531 0.314063 0.064062 0.125000
0 0.064062 0.321094 0.065625 0.117188
0 0.765234 0.223047 0.067969 0.114844
0 0.305859 0.268750 0.067969 0.109375
0 0.183984 0.262109 0.067969 0.114844
0 0.365625 0.246875 0.056250 0.109375
0 0.839844 0.262891 0.057813 0.088281
0 0.228906 0.194922 0.057813 0.096094
0 0.839063 0.166406 0.056250 0.082812
0 0.475391 0.282031 0.060156 0.082812
0 0.503516 0.215625 0.053906 0.090625
0 0.429297 0.185156 0.046094 0.079687
0 0.611719 0.211328 0.064062 0.103906
0 0.665234 0.214062 0.052344 0.090625
0 0.763281 0.144531 0.042188 0.079687
0 0.804297 0.353906 0.067969 0.098437
