1 0.015625 0.570703 0.028125 0.066406
1 0.065234 0.572266 0.039844 0.063281
1 0.123047 0.648438 0.046094 0.071875
1 0.462500 0.548438 0.043750 0.081250
1 0.371875 0.608203 0.034375 0.063281
1 0.237891 0.573828 0.032031 0.053906
1 0.172266 0.603516 0.032031 0.066406
1 0.813672 0.673828 0.039844 0.063281
1 0.882812 0.453516 0.034375 0.060156
1 0.777344 0.481641 0.042188 0.063281
1 0.692969 0.522266 0.035937 0.066406
1 0.564063 0.537500 0.050000 0.078125
1 0.528516 0.540625 0.038281 0.071875
1 0.150781 0.558203 0.029687 0.060156
1 0.194141 0.553516 0.032031 0.057031
1 0.214062 0.572266 0.034375 0.063281
0 0.410156 0.611328 0.029687 0.057031
0 0.627344 0.515625 0.042188 0.068750
