1 0.316016 0.437891 0.060156 0.072656
1 0.222266 0.442969 0.053906 0.085938
0 0.264453 0.474219 0.053906 0.082812
0 0.426563 0.451172 0.043750 0.061719
0 0.567969 0.460547 0.035937 0.058594
0 0.536328 0.428125 0.038281 0.056250
0 0.500781 0.433203 0.029687 0.050781
0 0.289453 0.464453 0.032031 0.069531
1 0.589844 0.424219 0.035937 0.064062
1 0.714063 0.442578 0.043750 0.069531
1 0.788672 0.436719 0.039844 0.064062
0 0.661328 0.458594 0.047656 0.064062
0 0.767578 0.498437 0.053906 0.075000
0 0.884766 0.456641 0.032031 0.050781
0 0.960156 0.462891 0.035937 0.050781
