1 0.902344 0.123047 0.107813 0.158594
1 0.342969 0.623828 0.079687 0.125781
1 0.590234 0.380469 0.117969 0.167187
1 0.229687 0.080469 0.071875 0.120313
1 0.048438 0.347266 0.084375 0.132031
1 0.278906 0.491016 0.092188 0.125781
1 0.132422 0.180078 0.074219 0.132031
1 0.471094 0.579297 0.070312 0.108594
1 0.154688 0.883984 0.121875 0.196094
1 0.372656 0.100391 0.064062 0.128906
1 0.510938 0.734766 0.071875 0.132031
1 0.406641 0.335938 0.060156 0.096875
1 0.161719 0.698828 0.079687 0.125781
0 0.497656 0.151953 0.070312 0.082031
