0 0.510547 0.340625 0.074219 0.153125
0 0.168750 0.369531 0.078125 0.170313
0 0.783594 0.544141 0.185938 0.303906
0 0.248047 0.405078 0.096094 0.178906
0 0.489453 0.517578 0.097656 0.175781
0 0.589844 0.336328 0.079687 0.178906
0 0.382812 0.373437 0.093750 0.184375
0 0.042969 0.402734 0.070312 0.199219
0 0.705078 0.429688 0.082031 0.153125
0 0.832812 0.382422 0.071875 0.105469
0 0.968359 0.491016 0.061719 0.210156
0 0.881641 0.476172 0.110156 0.230469
1 0.767969 0.269141 0.029687 0.057031
0 0.943750 0.278516 0.028125 0.050781
0 0.917578 0.278516 0.025781 0.050781
