1 0.546484 0.531641 0.074219 0.125781
1 0.154297 0.474219 0.074219 0.120313
1 0.522656 0.444141 0.042188 0.060156
1 0.742969 0.456641 0.042188 0.060156
0 0.339844 0.490625 0.064062 0.084375
0 0.395703 0.446875 0.060156 0.081250
0 0.465234 0.456250 0.052344 0.071875
0 0.643359 0.466797 0.061719 0.092969
0 0.682813 0.502734 0.043750 0.092969
1 0.706641 0.411328 0.038281 0.053906
0 0.606250 0.392578 0.028125 0.050781
0 0.649219 0.373828 0.029687 0.057031
0 0.675391 0.382031 0.025781 0.048438
0 0.539844 0.405469 0.029687 0.048438
