0 0.118359 0.359375 0.039844 0.081250
0 0.254297 0.329297 0.046094 0.086719
0 0.070703 0.378516 0.038281 0.060156
0 0.160547 0.328125 0.039844 0.084375
0 0.325781 0.317578 0.029687 0.057031
0 0.352734 0.340625 0.046094 0.075000
0 0.423047 0.337500 0.046094 0.084375
0 0.532422 0.350000 0.039844 0.075000
0 0.564063 0.321875 0.034375 0.078125
0 0.596484 0.345313 0.046094 0.078125
0 0.746875 0.342187 0.034375 0.071875
0 0.726562 0.310937 0.028125 0.075000
0 0.878516 0.320312 0.038281 0.068750
0 0.985938 0.307422 0.028125 0.092969
