0 0.331641 0.317188 0.088281 0.146875
0 0.082812 0.221875 0.100000 0.162500
0 0.953906 0.260547 0.092188 0.174219
0 0.557813 0.270703 0.065625 0.125781
0 0.469922 0.267969 0.052344 0.107813
0 0.284766 0.221094 0.060156 0.110937
0 0.754687 0.239844 0.065625 0.117188
0 0.713672 0.218359 0.046094 0.105469
0 0.512500 0.191406 0.043750 0.110937
0 0.388672 0.218359 0.046094 0.092969
0 0.207813 0.198437 0.050000 0.084375
0 0.336719 0.221875 0.035937 0.071875
0 0.870703 0.222266 0.038281 0.066406
0 0.796875 0.229687 0.034375 0.075000
