1 0.279297 0.317969 0.183594 0.195312
1 0.051953 0.307812 0.097656 0.200000
1 0.683984 0.309766 0.192969 0.197656
1 0.462109 0.267578 0.186719 0.166406
1 0.206641 0.222656 0.157031 0.173437
1 0.580469 0.198828 0.151562 0.144531
1 0.803516 0.229297 0.160156 0.202344
1 0.125000 0.216016 0.125000 0.144531
1 0.044531 0.164844 0.082812 0.110937
1 0.430859 0.142969 0.130469 0.120313
1 0.903516 0.223828 0.097656 0.160156
1 0.251172 0.150391 0.127344 0.107031
1 0.739453 0.055469 0.100781 0.073438
1 0.837500 0.100781 0.112500 0.104688
1 0.958594 0.195312 0.082812 0.162500
1 0.374219 0.075391 0.095312 0.097656
1 0.312891 0.127344 0.097656 0.110937
