0 0.342578 0.387500 0.082031 0.140625
0 0.496094 0.337891 0.057813 0.119531
0 0.240625 0.386328 0.071875 0.119531
0 0.149609 0.385156 0.067969 0.104688
0 0.711328 0.374219 0.047656 0.114062
0 0.094922 0.410156 0.061719 0.107813
0 0.781250 0.326172 0.050000 0.089844
1 0.556250 0.350781 0.056250 0.101562
1 0.453125 0.351953 0.050000 0.116406
0 0.405078 0.379297 0.038281 0.080469
0 0.682813 0.362109 0.034375 0.083594
0 0.609766 0.392188 0.038281 0.071875
0 0.079687 0.357812 0.043750 0.075000
0 0.025000 0.381250 0.043750 0.071875
