1 0.107813 0.453516 0.071875 0.125781
1 0.169922 0.379297 0.052344 0.105469
1 0.231641 0.433594 0.060156 0.120313
1 0.407813 0.439453 0.065625 0.135156
1 0.210938 0.316797 0.056250 0.092969
1 0.246875 0.262109 0.056250 0.086719
1 0.309375 0.257422 0.050000 0.092969
1 0.471875 0.212109 0.050000 0.086719
1 0.500000 0.305469 0.050000 0.117188
1 0.521094 0.414844 0.057813 0.120313
1 0.574609 0.467578 0.067969 0.135156
1 0.570703 0.241406 0.053906 0.107813
1 0.742578 0.433594 0.060156 0.110937
1 0.698828 0.354297 0.053906 0.096094
1 0.893750 0.471875 0.084375 0.150000
