0 0.115234 0.326172 0.092969 0.189844
0 0.824609 0.036719 0.055469 0.060937
0 0.931641 0.504297 0.100781 0.236719
0 0.896484 0.152734 0.086719 0.217969
0 0.751953 0.092969 0.085156 0.164062
0 0.641797 0.335547 0.096094 0.205469
0 0.657031 0.087500 0.082812 0.165625
0 0.493359 0.087109 0.089844 0.155469
0 0.259766 0.082812 0.082031 0.153125
0 0.492578 0.267578 0.085156 0.191406
0 0.519922 0.643359 0.096094 0.217969
0 0.575391 0.746875 0.113281 0.225000
0 0.381250 0.882422 0.109375 0.199219
0 0.051172 0.816797 0.096094 0.242969
0 0.165234 0.627734 0.074219 0.186719
0 0.126562 0.707812 0.093750 0.209375
0 0.069922 0.183594 0.089844 0.173437
0 0.286328 0.350781 0.103906 0.198437
