0 0.142969 0.328516 0.204687 0.363281
0 0.860938 0.323828 0.062500 0.113281
0 0.690625 0.331641 0.046875 0.110156
0 0.022656 0.319922 0.035937 0.092969
0 0.295703 0.354687 0.044531 0.096875
0 0.339844 0.336328 0.035937 0.066406
0 0.372266 0.350391 0.028906 0.060156
0 0.398828 0.326953 0.028906 0.066406
0 0.444922 0.339844 0.039844 0.079687
0 0.508594 0.334375 0.026562 0.053125
0 0.559375 0.335156 0.037500 0.070312
0 0.608594 0.351562 0.026562 0.050000
0 0.651172 0.350781 0.039844 0.073438
0 0.736719 0.364453 0.035937 0.063281
0 0.772266 0.364063 0.028906 0.053125
0 0.918750 0.339844 0.037500 0.073438
