1 0.833203 0.232813 0.082031 0.153125
1 0.113281 0.248828 0.070312 0.138281
1 0.632422 0.266016 0.067969 0.135156
1 0.345313 0.259766 0.065625 0.135156
1 0.507422 0.273828 0.061719 0.144531
1 0.457422 0.261328 0.052344 0.132031
1 0.704297 0.312500 0.046094 0.084375
0 0.221875 0.269922 0.065625 0.102344
0 0.278906 0.267188 0.042188 0.078125
1 0.754297 0.303125 0.039844 0.084375
0 0.149609 0.262500 0.039844 0.081250
0 0.077734 0.283984 0.039844 0.105469
0 0.574609 0.289453 0.039844 0.050781
0 0.415625 0.278516 0.034375 0.063281
