0 0.082812 0.514453 0.084375 0.135156
0 0.175000 0.531641 0.084375 0.125781
0 0.344922 0.598047 0.102344 0.167969
0 0.728125 0.604297 0.115625 0.180469
0 0.871875 0.488672 0.056250 0.092969
0 0.925000 0.455859 0.056250 0.102344
0 0.198437 0.425000 0.056250 0.081250
0 0.821875 0.503906 0.065625 0.117188
0 0.034766 0.477344 0.060156 0.107813
0 0.316797 0.418359 0.046094 0.092969
0 0.407422 0.414062 0.046094 0.078125
0 0.481641 0.403516 0.032031 0.063281
0 0.500391 0.378516 0.025781 0.053906
0 0.544141 0.400000 0.032031 0.071875
0 0.682031 0.394141 0.035937 0.060156
0 0.820703 0.420703 0.038281 0.053906
0 0.764453 0.404687 0.047656 0.068750
