0 0.118750 0.280078 0.112500 0.153906
0 0.197266 0.235937 0.035156 0.081250
0 0.025000 0.184375 0.025000 0.059375
0 0.240625 0.247266 0.068750 0.138281
0 0.280859 0.165625 0.039844 0.065625
0 0.337109 0.228125 0.071094 0.115625
0 0.401953 0.243750 0.053906 0.096875
0 0.433984 0.192188 0.033594 0.056250
0 0.487500 0.259766 0.068750 0.125781
0 0.607422 0.309375 0.052344 0.121875
0 0.865234 0.405078 0.108594 0.132031
0 0.901953 0.264062 0.041406 0.093750
0 0.813672 0.278125 0.039844 0.078125
1 0.759766 0.234375 0.035156 0.071875
1 0.711328 0.231250 0.035156 0.078125
1 0.677734 0.246875 0.039844 0.078125
0 0.643359 0.259375 0.039844 0.096875
1 0.615234 0.190625 0.021094 0.040625
