0 0.465234 0.217578 0.067969 0.128906
0 0.302734 0.212891 0.074219 0.138281
0 0.696484 0.208203 0.074219 0.128906
0 0.174219 0.200391 0.079687 0.141406
0 0.103125 0.252344 0.065625 0.114062
0 0.866016 0.220703 0.060156 0.128906
0 0.841797 0.210156 0.052344 0.120313
0 0.377734 0.267969 0.046094 0.114062
0 0.222266 0.275391 0.038281 0.063281
0 0.431250 0.262109 0.034375 0.086719
0 0.591016 0.211719 0.053906 0.110937
0 0.635938 0.219922 0.043750 0.089844
0 0.797656 0.242188 0.035937 0.075000
0 0.057813 0.264844 0.034375 0.107813
