1 0.166406 0.385156 0.064062 0.107813
1 0.389844 0.431250 0.035937 0.081250
1 0.223047 0.421484 0.046094 0.086719
1 0.254688 0.423438 0.034375 0.084375
1 0.299609 0.423047 0.039844 0.089844
0 0.328516 0.448437 0.038281 0.071875
1 0.420312 0.428125 0.028125 0.075000
0 0.446875 0.428516 0.028125 0.063281
0 0.580078 0.416016 0.032031 0.063281
0 0.865625 0.396875 0.043750 0.084375
0 0.769531 0.392188 0.042188 0.068750
0 0.647656 0.429688 0.042188 0.078125
0 0.678516 0.395703 0.038281 0.066406
0 0.609375 0.410938 0.034375 0.068750
0 0.561328 0.417578 0.025781 0.053906
