1 0.939844 0.303516 0.057813 0.100781
1 0.150000 0.369141 0.043750 0.091406
1 0.240625 0.347266 0.050000 0.091406
1 0.373828 0.364453 0.047656 0.088281
1 0.564453 0.353516 0.047656 0.078906
1 0.428125 0.324219 0.034375 0.067187
1 0.114062 0.357031 0.028125 0.054688
1 0.481641 0.408203 0.038281 0.078906
1 0.523438 0.333594 0.034375 0.076563
1 0.678516 0.322656 0.032031 0.064062
1 0.727734 0.319531 0.039844 0.076563
1 0.805859 0.314844 0.039844 0.073438
1 0.604297 0.464844 0.039844 0.070312
1 0.871875 0.326953 0.043750 0.091406
1 0.589453 0.319531 0.032031 0.070312
