1 0.168750 0.345313 0.115625 0.309375
1 0.320312 0.246094 0.071875 0.157812
1 0.203125 0.243750 0.056250 0.125000
1 0.077734 0.262109 0.152344 0.517969
0 0.731250 0.335938 0.065625 0.128125
0 0.618359 0.262109 0.074219 0.136719
0 0.545312 0.275781 0.078125 0.157812
0 0.857422 0.314063 0.067969 0.128125
0 0.396875 0.203125 0.100000 0.184375
0 0.967969 0.326953 0.064062 0.107031
0 0.916797 0.313281 0.046094 0.095312
0 0.450391 0.253125 0.047656 0.131250
0 0.843359 0.258203 0.061719 0.113281
0 0.675000 0.321484 0.034375 0.083594
