1 0.049219 0.442578 0.029687 0.041406
0 0.180469 0.414062 0.089063 0.150000
0 0.117578 0.425781 0.032031 0.057813
0 0.388672 0.400781 0.055469 0.085938
0 0.451172 0.396484 0.055469 0.089844
0 0.523828 0.405469 0.038281 0.070312
0 0.559375 0.419531 0.034375 0.064062
0 0.619922 0.406641 0.027344 0.047656
0 0.688281 0.414844 0.042188 0.067187
0 0.756250 0.403906 0.040625 0.067187
0 0.825000 0.391406 0.040625 0.060937
0 0.867578 0.392969 0.025781 0.057813
0 0.918750 0.383594 0.040625 0.070312
0 0.977344 0.384766 0.023438 0.047656
