0 0.946094 0.382812 0.067187 0.150000
0 0.603906 0.479687 0.132812 0.253125
0 0.875000 0.449219 0.075000 0.129688
0 0.703125 0.392969 0.056250 0.120313
0 0.066406 0.368750 0.095312 0.150000
0 0.810547 0.430469 0.089844 0.179688
0 0.267969 0.475391 0.132812 0.257031
0 0.523828 0.291406 0.050781 0.123438
0 0.182031 0.387500 0.085938 0.153125
0 0.051172 0.287500 0.061719 0.100000
0 0.172266 0.260156 0.044531 0.073438
0 0.335156 0.317969 0.029687 0.070312
0 0.429688 0.312109 0.046875 0.089844
0 0.617578 0.343359 0.060156 0.092969
