1 0.097266 0.364063 0.082031 0.125000
1 0.735156 0.418359 0.064062 0.111719
1 0.450781 0.395703 0.064062 0.103906
0 0.821094 0.375781 0.070312 0.120313
0 0.960938 0.405078 0.071875 0.122656
0 0.530859 0.369531 0.074219 0.120313
0 0.342969 0.411719 0.057813 0.101562
0 0.613281 0.354297 0.057813 0.096094
0 0.021484 0.384766 0.039844 0.103906
0 0.901563 0.395313 0.050000 0.090625
1 0.240625 0.421094 0.056250 0.098437
0 0.143359 0.417969 0.052344 0.082812
1 0.175391 0.405078 0.038281 0.085156
0 0.285938 0.407813 0.043750 0.071875
1 0.406250 0.408984 0.028125 0.061719
