1 0.218750 0.286328 0.078125 0.128906
1 0.075391 0.268359 0.097656 0.171094
1 0.235937 0.152344 0.056250 0.110937
1 0.609766 0.121484 0.047656 0.092969
1 0.035156 0.120703 0.064062 0.178906
1 0.168359 0.037109 0.046094 0.067969
1 0.392188 0.042188 0.043750 0.075000
0 0.456641 0.550391 0.075781 0.157031
0 0.325781 0.046094 0.035937 0.085938
0 0.381250 0.075000 0.050000 0.100000
0 0.718750 0.101172 0.115625 0.196094
0 0.801172 0.081641 0.061719 0.157031
0 0.976562 0.063281 0.046875 0.114062
0 0.950000 0.093359 0.043750 0.121094
