1 0.137109 0.321484 0.046094 0.102344
1 0.697266 0.314844 0.060156 0.123438
1 0.404297 0.344531 0.061719 0.117188
1 0.242969 0.322266 0.064062 0.135156
1 0.198437 0.364844 0.056250 0.110937
1 0.282813 0.349609 0.034375 0.092969
1 0.438672 0.317578 0.024219 0.063281
1 0.477734 0.299219 0.067969 0.123438
0 0.525391 0.311719 0.047656 0.117188
1 0.564453 0.326953 0.032031 0.060156
1 0.799219 0.310937 0.042188 0.081250
1 0.871484 0.326172 0.039844 0.086719
1 0.918750 0.300000 0.065625 0.156250
1 0.969922 0.308984 0.052344 0.102344
