1 0.565234 0.676562 0.052344 0.078125
1 0.956250 0.714063 0.056250 0.081250
1 0.134375 0.639062 0.043750 0.075000
1 0.357422 0.481641 0.039844 0.057031
1 0.242578 0.455078 0.032031 0.050781
1 0.071094 0.487891 0.029687 0.050781
1 0.371875 0.569531 0.028125 0.039062
1 0.522266 0.397656 0.025781 0.045312
1 0.491406 0.386719 0.029687 0.045312
1 0.760156 0.378516 0.042188 0.053906
1 0.103906 0.378906 0.029687 0.035937
1 0.135156 0.355469 0.029687 0.042188
1 0.189844 0.330469 0.020313 0.035937
0 0.157031 0.670703 0.035937 0.057031
1 0.262109 0.400781 0.024219 0.039062
