0 0.227734 0.400781 0.067969 0.107813
0 0.911328 0.437109 0.053906 0.074219
0 0.024219 0.431250 0.035937 0.059375
0 0.100000 0.450000 0.043750 0.065625
0 0.273438 0.440234 0.034375 0.067969
1 0.335156 0.449609 0.035937 0.074219
0 0.365234 0.440234 0.039844 0.067969
0 0.448047 0.435937 0.039844 0.065625
0 0.560156 0.443359 0.035937 0.067969
0 0.591016 0.419922 0.038281 0.067969
0 0.634375 0.445312 0.043750 0.065625
0 0.703516 0.450000 0.032031 0.062500
0 0.732812 0.426953 0.034375 0.088281
0 0.769531 0.443359 0.042188 0.074219
0 0.848047 0.461328 0.052344 0.082031
0 0.945312 0.435937 0.034375 0.059375
