1 0.932031 0.905078 0.085938 0.128906
1 0.653906 0.707422 0.057813 0.099219
1 0.976562 0.832031 0.046875 0.120313
1 0.544922 0.664062 0.046094 0.084375
1 0.017578 0.783984 0.032031 0.089844
1 0.125781 0.755859 0.042188 0.086719
1 0.220312 0.759375 0.043750 0.071875
1 0.221875 0.050781 0.034375 0.042188
1 0.287500 0.284766 0.034375 0.053906
1 0.421094 0.673828 0.042188 0.063281
1 0.598828 0.815234 0.053906 0.105469
1 0.493359 0.802734 0.052344 0.099219
1 0.439063 0.813672 0.050000 0.096094
1 0.429297 0.773047 0.046094 0.086719
1 0.348828 0.753516 0.038281 0.066406
1 0.507031 0.553516 0.042188 0.050781
1 0.467969 0.514453 0.029687 0.057031
1 0.390234 0.531641 0.039844 0.066406
1 0.439844 0.420703 0.029687 0.066406
1 0.396875 0.447266 0.028125 0.053906
0 0.795703 0.821875 0.060156 0.068750
