0 0.853125 0.309766 0.056250 0.082031
0 0.710156 0.324609 0.042188 0.077344
0 0.021875 0.337109 0.028125 0.052344
0 0.072266 0.315234 0.032031 0.052344
0 0.131250 0.318750 0.050000 0.075000
0 0.189453 0.316797 0.025781 0.052344
0 0.214062 0.306250 0.043750 0.075000
0 0.275000 0.323437 0.043750 0.084375
0 0.369922 0.333594 0.039844 0.054688
0 0.425391 0.318750 0.038281 0.059375
0 0.469531 0.335547 0.042188 0.064844
0 0.507031 0.328516 0.042188 0.069531
0 0.536328 0.323437 0.038281 0.059375
0 0.582031 0.332813 0.042188 0.071875
