1 0.918750 0.385547 0.043750 0.102344
0 0.528516 0.398047 0.060156 0.114844
0 0.107031 0.462109 0.070312 0.099219
0 0.256250 0.429297 0.056250 0.105469
0 0.401172 0.407422 0.061719 0.111719
0 0.604688 0.427734 0.050000 0.096094
0 0.679688 0.390234 0.050000 0.099219
0 0.652734 0.465625 0.052344 0.087500
0 0.450000 0.429688 0.034375 0.081250
0 0.327734 0.437891 0.039844 0.063281
0 0.163672 0.451953 0.039844 0.072656
1 0.982031 0.410547 0.035937 0.105469
1 0.945703 0.423438 0.032031 0.081250
0 0.731641 0.420703 0.025781 0.063281
