0 0.842969 0.482812 0.060937 0.103125
0 0.580859 0.419922 0.052344 0.114844
0 0.517969 0.426953 0.048438 0.094531
0 0.141016 0.478516 0.050781 0.094531
0 0.689453 0.421875 0.050781 0.100000
0 0.787891 0.431250 0.050781 0.100000
0 0.722656 0.529297 0.054688 0.114844
0 0.383984 0.523438 0.052344 0.103125
0 0.236719 0.481641 0.048438 0.091406
0 0.741016 0.426953 0.044531 0.088281
0 0.285547 0.513281 0.052344 0.082812
0 0.840234 0.409766 0.052344 0.094531
0 0.178906 0.500391 0.048438 0.097656
0 0.308984 0.472656 0.036719 0.076563
0 0.354297 0.474219 0.036719 0.079687
0 0.341016 0.414844 0.038281 0.079687
0 0.431250 0.431641 0.046875 0.097656
0 0.469922 0.444531 0.036719 0.073438
0 0.452344 0.520703 0.048438 0.097656
0 0.525781 0.535937 0.054688 0.103125
0 0.632812 0.421094 0.046875 0.079687
0 0.632031 0.501563 0.048438 0.106250
