0 0.150391 0.167578 0.075781 0.119531
0 0.324609 0.270313 0.046094 0.084375
0 0.294141 0.272656 0.032031 0.060937
0 0.253906 0.305859 0.029687 0.058594
0 0.370703 0.283984 0.032031 0.055469
0 0.433594 0.276562 0.042188 0.084375
0 0.491016 0.233984 0.053906 0.102344
0 0.546094 0.271484 0.035937 0.058594
0 0.576172 0.290234 0.024219 0.049219
0 0.601953 0.291797 0.032031 0.052344
0 0.635156 0.289062 0.020313 0.046875
0 0.668750 0.279297 0.028125 0.058594
0 0.713672 0.258594 0.046094 0.107813
0 0.758984 0.209375 0.074219 0.125000
0 0.826953 0.269922 0.025781 0.049219
0 0.854688 0.286719 0.028125 0.064062
0 0.883203 0.280469 0.025781 0.064062
0 0.947656 0.261719 0.057813 0.114062
0 0.913672 0.272656 0.024219 0.067187
