1 0.733594 0.692187 0.057813 0.106250
1 0.562109 0.513672 0.039844 0.074219
1 0.615234 0.484375 0.039844 0.068750
0 0.032813 0.696875 0.043750 0.068750
0 0.123047 0.693359 0.046094 0.074219
0 0.196875 0.625391 0.043750 0.063281
0 0.410938 0.338672 0.028125 0.039844
0 0.378125 0.552344 0.034375 0.054688
0 0.826953 0.469141 0.038281 0.057031
0 0.253125 0.574219 0.034375 0.048438
0 0.214453 0.550391 0.038281 0.057031
0 0.320703 0.559766 0.038281 0.060156
0 0.285156 0.514844 0.042188 0.054688
0 0.425781 0.524219 0.042188 0.051562
0 0.388672 0.480078 0.039844 0.060156
0 0.452344 0.450781 0.035937 0.051562
0 0.564844 0.400391 0.035937 0.057031
0 0.661328 0.358594 0.032031 0.051562
0 0.339453 0.525391 0.032031 0.060156
0 0.200391 0.298047 0.025781 0.046094
