1 0.660156 0.357422 0.057813 0.139844
1 0.528516 0.342969 0.060156 0.120313
1 0.079687 0.319922 0.065625 0.133594
1 0.386719 0.325391 0.057813 0.116406
1 0.211719 0.366406 0.057813 0.120313
1 0.304688 0.316016 0.050000 0.107031
1 0.139063 0.360547 0.050000 0.092969
0 0.843750 0.388672 0.043750 0.089844
1 0.017969 0.366797 0.029687 0.092969
1 0.270703 0.362109 0.038281 0.083594
0 0.453125 0.343750 0.043750 0.100000
0 0.579688 0.386328 0.028125 0.066406
0 0.762891 0.408203 0.025781 0.057031
0 0.806641 0.405078 0.032031 0.057031
0 0.903125 0.385156 0.043750 0.076563
0 0.610547 0.393750 0.024219 0.053125
0 0.935937 0.387891 0.028125 0.057031
0 0.970703 0.389453 0.025781 0.060156
