1 0.565234 0.291797 0.061719 0.136719
1 0.412109 0.336719 0.052344 0.120313
1 0.294531 0.335156 0.048438 0.123438
1 0.808984 0.328906 0.052344 0.129688
1 0.469141 0.325391 0.053906 0.116406
1 0.696875 0.352734 0.056250 0.139844
1 0.883203 0.330469 0.100781 0.220312
1 0.126172 0.366406 0.052344 0.120313
1 0.066016 0.331641 0.053906 0.110156
1 0.218750 0.329688 0.050000 0.100000
1 0.654687 0.356641 0.040625 0.107031
1 0.758203 0.354297 0.035156 0.083594
1 0.326953 0.360547 0.035156 0.092969
0 0.958594 0.347656 0.048438 0.126562
1 0.608984 0.340234 0.036719 0.092969
1 0.378516 0.344922 0.035156 0.089844
