0 0.971094 0.673438 0.035937 0.071875
0 0.137891 0.589453 0.032031 0.063281
0 0.176563 0.614062 0.043750 0.081250
0 0.263281 0.606641 0.042188 0.066406
0 0.346094 0.616406 0.035937 0.048438
0 0.403125 0.639453 0.034375 0.066406
0 0.494922 0.656250 0.046094 0.068750
0 0.526563 0.628516 0.028125 0.050781
0 0.551562 0.623437 0.034375 0.068750
0 0.595703 0.649219 0.032031 0.048438
0 0.626563 0.662500 0.043750 0.075000
0 0.681641 0.667578 0.038281 0.063281
0 0.768750 0.650000 0.043750 0.075000
0 0.843359 0.662500 0.039844 0.068750
0 0.910156 0.687891 0.042188 0.060156
