0 0.815234 0.535547 0.052344 0.092969
0 0.179688 0.529297 0.043750 0.092969
0 0.050781 0.446875 0.042188 0.075000
0 0.125781 0.510938 0.042188 0.071875
0 0.104688 0.462891 0.034375 0.060156
0 0.147656 0.442188 0.035937 0.071875
0 0.205078 0.442578 0.038281 0.063281
0 0.256641 0.448437 0.038281 0.071875
0 0.248047 0.529687 0.039844 0.068750
0 0.314453 0.430078 0.038281 0.060156
0 0.306641 0.532813 0.038281 0.068750
0 0.351953 0.541016 0.032031 0.066406
0 0.421094 0.534766 0.042188 0.060156
0 0.481641 0.543750 0.038281 0.071875
0 0.542969 0.537891 0.035937 0.060156
0 0.607422 0.542188 0.039844 0.068750
0 0.682031 0.542578 0.035937 0.063281
0 0.750781 0.548438 0.035937 0.068750
0 0.847656 0.440625 0.035937 0.075000
0 0.918359 0.459375 0.052344 0.084375
0 0.783203 0.426563 0.038281 0.071875
0 0.706250 0.464062 0.043750 0.068750
0 0.379688 0.451953 0.034375 0.063281
0 0.436719 0.472266 0.042188 0.063281
0 0.478516 0.435937 0.038281 0.071875
0 0.517969 0.467578 0.042188 0.063281
0 0.643750 0.495703 0.034375 0.066406
0 0.580469 0.464453 0.035937 0.063281
