1 0.300391 0.658984 0.082031 0.155469
1 0.609375 0.677734 0.059375 0.133594
1 0.655859 0.583984 0.055469 0.114844
1 0.380469 0.522656 0.051562 0.110937
1 0.809375 0.760156 0.050000 0.110937
1 0.338281 0.436719 0.032813 0.089063
1 0.415234 0.431250 0.030469 0.078125
1 0.457031 0.479297 0.042188 0.092969
1 0.508984 0.523828 0.046094 0.107031
1 0.797266 0.499609 0.038281 0.096094
1 0.863672 0.514844 0.036719 0.089063
1 0.935937 0.480078 0.034375 0.085156
1 0.698828 0.451562 0.028906 0.081250
1 0.979297 0.510547 0.030469 0.074219
1 0.779687 0.386328 0.025000 0.063281
1 0.812891 0.396875 0.022656 0.059375
1 0.657813 0.434375 0.025000 0.059375
