0 0.220703 0.224609 0.088281 0.146094
0 0.754297 0.275781 0.067969 0.120313
0 0.059766 0.269922 0.060156 0.117969
0 0.816016 0.291797 0.047656 0.089844
0 0.440234 0.289062 0.046094 0.084375
0 0.164062 0.256250 0.050000 0.087500
0 0.584766 0.283984 0.047656 0.074219
0 0.398828 0.246875 0.053906 0.087500
0 0.486719 0.278516 0.035937 0.053906
0 0.660156 0.289844 0.035937 0.076563
0 0.714453 0.280469 0.038281 0.064062
0 0.860938 0.310937 0.050000 0.087500
0 0.976953 0.309375 0.038281 0.115625
0 0.634766 0.302734 0.032031 0.061719
