1 0.815625 0.451562 0.050000 0.090625
1 0.579297 0.423047 0.046094 0.092969
0 0.934766 0.459375 0.097656 0.165625
0 0.285547 0.457422 0.052344 0.092969
0 0.482812 0.456250 0.056250 0.090625
0 0.344141 0.459375 0.032031 0.053125
0 0.076563 0.482812 0.056250 0.075000
1 0.177734 0.468750 0.039844 0.056250
1 0.642188 0.449609 0.028125 0.061719
1 0.665625 0.454688 0.028125 0.056250
1 0.619922 0.450000 0.024219 0.056250
0 0.532813 0.454297 0.021875 0.061719
0 0.437891 0.444141 0.032031 0.050781
0 0.389844 0.472266 0.029687 0.047656
