0 0.789844 0.037500 0.032813 0.075000
0 0.557813 0.061328 0.046875 0.094531
0 0.401562 0.032813 0.031250 0.053125
0 0.456641 0.052734 0.035156 0.064844
0 0.262500 0.078516 0.053125 0.132031
0 0.232031 0.124219 0.054688 0.142187
0 0.169922 0.583594 0.121094 0.260937
0 0.340234 0.477344 0.083594 0.217188
0 0.418359 0.287891 0.077344 0.175781
0 0.542188 0.235547 0.068750 0.167969
0 0.567578 0.387500 0.082031 0.187500
0 0.654297 0.221094 0.077344 0.170313
0 0.813281 0.135156 0.051562 0.126562
0 0.853516 0.044922 0.047656 0.077344
0 0.748437 0.119141 0.043750 0.100781
