0 0.321094 0.353906 0.026562 0.054688
0 0.014453 0.348047 0.025781 0.077344
0 0.443359 0.371875 0.021094 0.059375
0 0.044531 0.433594 0.060937 0.114062
0 0.117188 0.371094 0.025000 0.060937
0 0.262500 0.336328 0.028125 0.066406
0 0.326953 0.455078 0.060156 0.128906
0 0.078906 0.529297 0.079687 0.130469
0 0.196484 0.409766 0.096094 0.191406
0 0.637109 0.402344 0.036719 0.079687
0 0.678906 0.478516 0.060937 0.135156
0 0.577734 0.461328 0.061719 0.125781
0 0.395703 0.422656 0.066406 0.176563
0 0.462891 0.594141 0.097656 0.216406
0 0.942578 0.686328 0.069531 0.269531
0 0.853125 0.582422 0.171875 0.421094
