0 0.498437 0.081641 0.103125 0.163281
0 0.643359 0.591406 0.127344 0.289062
0 0.149219 0.069531 0.079687 0.123438
0 0.924609 0.269922 0.105469 0.189844
0 0.748828 0.230469 0.097656 0.170313
0 0.971484 0.069922 0.052344 0.130469
0 0.850391 0.110937 0.082031 0.156250
0 0.733984 0.080469 0.096094 0.135937
0 0.572266 0.221484 0.097656 0.164844
0 0.623437 0.090234 0.100000 0.161719
0 0.083984 0.092578 0.083594 0.175781
0 0.231250 0.093359 0.084375 0.164844
0 0.360547 0.594531 0.158594 0.304688
0 0.213281 0.420703 0.114062 0.250781
0 0.067187 0.430078 0.125000 0.257031
0 0.747656 0.730859 0.126562 0.252344
0 0.815234 0.447266 0.114844 0.253906
0 0.485156 0.287109 0.117188 0.255469
0 0.677734 0.374609 0.127344 0.252344
0 0.212891 0.792188 0.182031 0.381250
