0 0.578125 0.244922 0.040625 0.080469
0 0.448047 0.255859 0.024219 0.036719
0 0.015234 0.267969 0.011719 0.020313
0 0.269922 0.269531 0.008594 0.023438
0 0.645312 0.271094 0.009375 0.020313
0 0.676562 0.272656 0.040625 0.067187
0 0.333203 0.275391 0.047656 0.088281
0 0.192578 0.277734 0.007031 0.014844
0 0.150000 0.280078 0.015625 0.032031
0 0.176953 0.280078 0.007031 0.010156
0 0.619922 0.282422 0.008594 0.017969
0 0.255078 0.287500 0.022656 0.043750
0 0.490625 0.291797 0.012500 0.036719
0 0.723047 0.305078 0.030469 0.078906
0 0.436719 0.451562 0.045312 0.065625
0 0.864453 0.125000 0.085156 0.165625
