1 0.683984 0.257031 0.055469 0.057813
1 0.577734 0.224219 0.055469 0.057813
1 0.535547 0.421094 0.064844 0.057813
1 0.402734 0.356250 0.055469 0.053125
1 0.619141 0.089844 0.050781 0.048438
1 0.464844 0.221484 0.045312 0.042969
1 0.536719 0.066406 0.048438 0.045312
1 0.333203 0.221484 0.050781 0.042969
1 0.386719 0.201563 0.057813 0.062500
1 0.235937 0.201563 0.062500 0.062500
1 0.145703 0.162891 0.060156 0.060156
1 0.040234 0.129688 0.055469 0.053125
1 0.305469 0.009375 0.054688 0.018750
1 0.795312 0.148828 0.093750 0.100781
