0 0.567187 0.283203 0.053125 0.088281
0 0.191797 0.392578 0.049219 0.088281
0 0.620313 0.468750 0.053125 0.093750
0 0.434375 0.555078 0.053125 0.088281
0 0.105469 0.309766 0.042188 0.088281
0 0.417187 0.218750 0.034375 0.062500
0 0.800000 0.257422 0.071875 0.161719
0 0.270703 0.380078 0.038281 0.072656
0 0.337500 0.268359 0.034375 0.067969
0 0.289453 0.237500 0.038281 0.046875
0 0.638672 0.264062 0.030469 0.046875
0 0.984375 0.407813 0.031250 0.078125
0 0.830469 0.209375 0.026562 0.062500
0 0.811328 0.432812 0.057031 0.093750
