0 0.048047 0.143359 0.058594 0.146094
0 0.563672 0.877734 0.117969 0.242969
0 0.324609 0.110547 0.077344 0.146094
0 0.681641 0.316797 0.128906 0.242969
0 0.911719 0.216016 0.051562 0.097656
0 0.366406 0.530078 0.092188 0.216406
0 0.578125 0.289062 0.125000 0.200000
0 0.075391 0.305469 0.069531 0.167187
0 0.930859 0.805078 0.117969 0.194531
0 0.203125 0.321484 0.081250 0.124219
0 0.124219 0.783594 0.135937 0.248438
0 0.843750 0.300781 0.062500 0.189062
0 0.509375 0.100000 0.040625 0.081250
0 0.582422 0.167578 0.055469 0.075781
0 0.260547 0.183984 0.058594 0.086719
