0 0.474219 0.278906 0.042188 0.092188
0 0.387891 0.328906 0.035156 0.079687
0 0.602344 0.343750 0.032813 0.071875
0 0.180469 0.286719 0.020313 0.035937
0 0.340625 0.287891 0.025000 0.047656
0 0.542969 0.308594 0.045312 0.079687
0 0.729297 0.357031 0.039844 0.079687
0 0.283594 0.298047 0.029687 0.052344
0 0.919531 0.300781 0.032813 0.064062
0 0.249609 0.311328 0.014844 0.032031
0 0.492969 0.302734 0.020313 0.052344
0 0.577344 0.340234 0.017188 0.039844
0 0.766406 0.339062 0.017188 0.084375
0 0.791406 0.285156 0.017188 0.064062
0 0.066016 0.233984 0.022656 0.052344
0 0.969531 0.503516 0.032813 0.103906
