1 0.463672 0.308203 0.033594 0.044531
1 0.317188 0.316016 0.037500 0.044531
1 0.626563 0.319141 0.028125 0.044531
1 0.544531 0.321875 0.023438 0.031250
1 0.742969 0.344922 0.042188 0.046094
1 0.385937 0.351562 0.034375 0.043750
0 0.660547 0.366406 0.036719 0.039062
1 0.562109 0.378906 0.039844 0.048438
1 0.281250 0.384766 0.046875 0.060156
1 0.448437 0.389844 0.046875 0.051562
1 0.171875 0.397266 0.056250 0.053906
1 0.342578 0.442969 0.047656 0.054688
1 0.247266 0.476953 0.053906 0.047656
1 0.668750 0.181250 0.031250 0.031250
1 0.787109 0.284375 0.033594 0.056250
1 0.709375 0.284766 0.028125 0.047656
