0 0.742969 0.326172 0.020313 0.042969
0 0.939063 0.401172 0.087500 0.158594
0 0.866406 0.423438 0.042188 0.087500
0 0.778125 0.374609 0.034375 0.071094
0 0.646094 0.351953 0.020313 0.050781
0 0.660156 0.321484 0.020313 0.042969
0 0.676562 0.364453 0.021875 0.035156
0 0.509766 0.370703 0.019531 0.041406
0 0.574219 0.413281 0.035937 0.085938
0 0.463281 0.366016 0.026562 0.057031
0 0.419922 0.369922 0.033594 0.061719
0 0.250391 0.390234 0.025781 0.039844
0 0.062109 0.401953 0.017969 0.038281
0 0.047656 0.408203 0.023438 0.044531
0 0.140234 0.420703 0.017969 0.038281
0 0.353906 0.394922 0.026562 0.061719
0 0.310547 0.387891 0.021094 0.047656
0 0.090625 0.408984 0.025000 0.046094
0 0.116797 0.408984 0.027344 0.055469
0 0.024219 0.440234 0.032813 0.064844
0 0.045312 0.474219 0.037500 0.079687
0 0.123438 0.536719 0.059375 0.101562
0 0.295703 0.428906 0.044531 0.079687
0 0.332813 0.496094 0.037500 0.089063
0 0.235547 0.466016 0.058594 0.138281
0 0.182031 0.501563 0.082812 0.175000
0 0.314453 0.645312 0.094531 0.187500
0 0.420703 0.618750 0.050781 0.115625
0 0.494922 0.453906 0.039844 0.098437
0 0.441797 0.451562 0.042969 0.081250
0 0.535547 0.478125 0.055469 0.106250
0 0.510547 0.597656 0.102344 0.201563
0 0.642578 0.476953 0.060156 0.132031
0 0.767578 0.623828 0.194531 0.425781
