0 0.700391 0.144922 0.069531 0.152344
0 0.885938 0.188672 0.071875 0.164844
0 0.962109 0.335547 0.061719 0.205469
0 0.607031 0.628516 0.129688 0.250781
0 0.634766 0.469922 0.113281 0.208594
0 0.548438 0.298047 0.078125 0.205469
0 0.487109 0.242188 0.077344 0.190625
0 0.254688 0.245703 0.087500 0.203906
0 0.131641 0.280469 0.088281 0.182812
0 0.192578 0.369531 0.088281 0.232813
0 0.194922 0.575391 0.105469 0.207031
0 0.337109 0.523828 0.108594 0.257031
0 0.860938 0.601172 0.140625 0.299219
0 0.440625 0.514844 0.115625 0.279687
