0 0.527344 0.150781 0.057813 0.076563
0 0.682813 0.192578 0.065625 0.122656
0 0.813672 0.166797 0.055469 0.108594
0 0.871875 0.412500 0.059375 0.150000
0 0.936719 0.405859 0.120313 0.236719
0 0.801953 0.308984 0.078906 0.171094
0 0.707812 0.348047 0.100000 0.186719
0 0.585547 0.323047 0.083594 0.152344
0 0.521094 0.252344 0.057813 0.126562
0 0.498828 0.211328 0.057031 0.094531
0 0.456641 0.223438 0.038281 0.090625
0 0.412891 0.213672 0.063281 0.117969
0 0.269922 0.232813 0.064844 0.106250
0 0.189453 0.235156 0.057031 0.092188
0 0.043359 0.258594 0.077344 0.135937
