1 0.93125 0.4333958724202627 0.045 0.1951219512195122
1 0.87375 0.41838649155722324 0.07 0.18386491557223264
1 0.82875 0.41838649155722324 0.0325 0.13883677298311445
1 0.766875 0.40150093808630394 0.03875 0.15384615384615385
1 0.734375 0.44934333958724204 0.06375 0.20825515947467166
1 0.618125 0.4878048780487805 0.07375 0.21013133208255158
1 0.6793750000000001 0.45121951219512196 0.03125 0.14071294559099437
1 0.5 0.398686679174484 0.05 0.17073170731707318
1 0.28 0.4230769230769231 0.07 0.19699812382739212
1 0.37375 0.4624765478424015 0.055 0.23452157598499063
1 0.151875 0.42120075046904315 0.06125 0.15572232645403378
1 0.055625 0.3968105065666041 0.06875 0.17073170731707318
