1 0.4785714285714286 0.4859154929577465 0.022857142857142857 0.056338028169014086
1 0.5764285714285714 0.42488262910798125 0.027142857142857142 0.051643192488262914
1 0.8207142857142857 0.6561032863849765 0.032857142857142856 0.05868544600938967
1 0.8328571428571429 0.5575117370892019 0.04 0.0539906103286385
1 0.6314285714285715 0.20774647887323944 0.011428571428571429 0.03051643192488263
1 0.33785714285714286 0.24647887323943662 0.015714285714285715 0.03755868544600939
1 0.23785714285714285 0.22652582159624413 0.012857142857142857 0.035211267605633804
1 0.20285714285714285 0.25938967136150237 0.014285714285714285 0.03990610328638498
1 0.18642857142857142 0.22535211267605634 0.012857142857142857 0.028169014084507043
1 0.018571428571428572 0.46009389671361506 0.025714285714285714 0.04225352112676056
