1 0.059375000000000004 0.48686679174484054 0.08125 0.26454033771106944
1 0.1775 0.5769230769230769 0.07 0.21951219512195122
1 0.24875 0.4971857410881801 0.045 0.14634146341463414
1 0.393125 0.5150093808630394 0.07375 0.1894934333958724
1 0.529375 0.575984990619137 0.10625 0.28893058161350843
1 0.6025 0.5365853658536586 0.0525 0.20637898686679174
1 0.6587500000000001 0.4427767354596623 0.0325 0.075046904315197
1 0.7075 0.47654784240150094 0.055 0.19136960600375236
1 0.7993750000000001 0.5103189493433395 0.10875 0.2589118198874296
1 0.906875 0.5469043151969981 0.08375 0.20075046904315197
1 0.97875 0.5375234521575984 0.04 0.2682926829268293
