0 0.9361111111111111 0.33333333333333337 0.125 0.22222222222222224
0 0.6805555555555556 0.3490740740740741 0.1 0.1685185185185185
0 0.43194444444444446 0.33333333333333337 0.11944444444444445 0.17037037037037037
0 0.02291666666666667 0.2425925925925926 0.04583333333333334 0.11111111111111112
0 0.07986111111111112 0.22222222222222224 0.0625 0.10370370370370371
0 0.12638888888888888 0.2175925925925926 0.025 0.07222222222222223
1 0.25833333333333336 0.22037037037037038 0.04722222222222222 0.08518518518518518
1 0.21319444444444446 0.2064814814814815 0.0375 0.08333333333333334
1 0.1798611111111111 0.20740740740740743 0.02638888888888889 0.07777777777777778
1 0.15208333333333335 0.2064814814814815 0.02361111111111111 0.07592592592592592
0 0.29305555555555557 0.20370370370370372 0.016666666666666666 0.05555555555555556
1 0.3180555555555556 0.19166666666666668 0.025 0.06851851851851852
0 0.34444444444444444 0.18888888888888888 0.019444444444444445 0.05925925925925926
0 0.3625 0.19351851851851853 0.01388888888888889 0.061111111111111116
1 0.3875 0.20370370370370372 0.036111111111111115 0.07037037037037037
0 0.4395833333333333 0.2 0.020833333333333336 0.06666666666666667
0 0.4715277777777778 0.19907407407407407 0.034722222222222224 0.07222222222222223
1 0.5125000000000001 0.20833333333333334 0.04166666666666667 0.09444444444444444
1 0.5618055555555556 0.20555555555555557 0.04583333333333334 0.0925925925925926
0 0.6048611111111112 0.19722222222222224 0.02638888888888889 0.061111111111111116
0 0.6361111111111112 0.2064814814814815 0.02777777777777778 0.06481481481481481
0 0.6756944444444445 0.20092592592592592 0.03194444444444445 0.07222222222222223
0 0.7104166666666667 0.1953703703703704 0.03194444444444445 0.07222222222222223
1 0.7402777777777778 0.19074074074074074 0.022222222222222223 0.07407407407407407
0 0.7652777777777778 0.20462962962962963 0.025 0.06851851851851852
0 0.788888888888889 0.1962962962962963 0.019444444444444445 0.06296296296296297
0 0.8166666666666667 0.1925925925925926 0.025 0.05555555555555556
0 0.8388888888888889 0.20370370370370372 0.011111111111111112 0.044444444444444446
0 0.8618055555555556 0.19814814814814816 0.006944444444444445 0.022222222222222223
