1 0.7584187408491947 0.62255859375 0.09663250366032211 0.1025390625
1 0.486090775988287 0.61962890625 0.09956076134699854 0.1064453125
1 0.5746705710102489 0.61083984375 0.07174231332357248 0.0830078125
1 0.6522693997071742 0.59130859375 0.05124450951683748 0.0673828125
1 0.1354319180087848 0.505859375 0.15373352855051245 0.1171875
1 0.19546120058565153 0.3505859375 0.14494875549048317 0.1171875
1 0.2554904831625183 0.24755859375 0.10980966325036604 0.0947265625
1 0.29062957540263545 0.177734375 0.05710102489019034 0.03515625
1 0.28111273792093705 0.1123046875 0.09077598828696926 0.048828125
1 0.35505124450951686 0.130859375 0.03953147877013177 0.04296875
