1 0.8462500000000001 0.48500000000000004 0.11750000000000001 0.16333333333333333
1 0.7025 0.515 0.145 0.19
1 0.625 0.39333333333333337 0.05 0.10666666666666667
1 0.5387500000000001 0.43000000000000005 0.0725 0.13333333333333333
1 0.42125 0.4116666666666667 0.0675 0.12333333333333334
1 0.33875 0.405 0.0675 0.10333333333333335
1 0.30125 0.38833333333333336 0.0425 0.11666666666666667
1 0.20875 0.43333333333333335 0.0825 0.13333333333333333
1 0.08875 0.4366666666666667 0.0825 0.12000000000000001
1 0.04 0.5 0.08 0.16
