1 0.2661654135338346 0.8582766439909297 0.08721804511278196 0.2018140589569161
1 0.4218045112781955 0.8344671201814059 0.07067669172932331 0.18140589569160998
1 0.5195488721804512 0.9240362811791384 0.07067669172932331 0.14739229024943312
1 0.6736842105263159 0.8560090702947846 0.07518796992481204 0.17006802721088435
1 0.7646616541353384 0.826530612244898 0.07669172932330827 0.15192743764172337
1 0.8451127819548873 0.9206349206349207 0.09323308270676692 0.15419501133786848
1 0.9353383458646617 0.8571428571428572 0.081203007518797 0.18594104308390022
1 0.8706766917293234 0.7517006802721089 0.039097744360902256 0.08390022675736962
1 0.7443609022556391 0.7029478458049887 0.05714285714285715 0.054421768707483
1 0.6488721804511278 0.7312925170068028 0.04360902255639098 0.06575963718820863
1 0.624812030075188 0.6893424036281179 0.03458646616541353 0.07709750566893424
1 0.5834586466165413 0.6292517006802721 0.02706766917293233 0.06575963718820863
1 0.4661654135338346 0.7074829931972789 0.04511278195488722 0.10430839002267574
1 0.5593984962406016 0.782312925170068 0.05714285714285715 0.15873015873015872
1 0.18721804511278198 0.7256235827664399 0.055639097744360905 0.11337868480725624
1 0.3022556390977444 0.6768707482993197 0.0481203007518797 0.09297052154195011
1 0.3548872180451128 0.7573696145124716 0.05714285714285715 0.1360544217687075
1 0.1473684210526316 0.6247165532879819 0.030075187969924814 0.07936507936507936
1 0.1255639097744361 0.6065759637188208 0.019548872180451128 0.061224489795918366
1 0.9353383458646617 0.6655328798185941 0.039097744360902256 0.05215419501133787
1 0.6631578947368422 0.5566893424036281 0.02105263157894737 0.061224489795918366
1 0.6887218045112783 0.564625850340136 0.02105263157894737 0.054421768707483
