1 0.10200000000000001 0.487987987987988 0.084 0.2012012012012012
1 0.222 0.551051051051051 0.076 0.2972972972972973
1 0.303 0.5105105105105106 0.07 0.1921921921921922
1 0.156 0.49399399399399396 0.048 0.1831831831831832
1 0.372 0.5495495495495496 0.092 0.2702702702702703
1 0.536 0.5165165165165165 0.092 0.22822822822822822
1 0.664 0.536036036036036 0.108 0.24924924924924924
1 0.772 0.496996996996997 0.08 0.24324324324324323
1 0.893 0.5585585585585585 0.074 0.2822822822822823
1 0.979 0.45345345345345345 0.038 0.16816816816816815
1 0.436 0.4984984984984985 0.048 0.17417417417417416
