1 0.41819699499165275 0.8474387527839643 0.14190317195325544 0.30066815144766146
1 0.7587646076794659 0.8596881959910913 0.14858096828046746 0.24053452115812918
1 0.8572621035058431 0.7249443207126949 0.0951585976627713 0.15812917594654788
1 0.6811352253756261 0.7383073496659243 0.10684474123539232 0.17149220489977726
1 0.503338898163606 0.7093541202672605 0.07512520868113523 0.11804008908685969
0 0.5968280467445743 0.6681514476614699 0.07846410684474124 0.14699331848552338
1 0.07762938230383974 0.6603563474387527 0.07846410684474124 0.14476614699331847
1 0.16110183639398998 0.6224944320712694 0.048414023372287146 0.08685968819599109
1 0.21702838063439064 0.5957683741648107 0.04674457429048414 0.10467706013363029
1 0.27462437395659434 0.5712694877505567 0.045075125208681135 0.0779510022271715
1 0.31803005008347246 0.5657015590200445 0.025041736227045076 0.06236080178173719
1 0.3572621035058431 0.5579064587973274 0.03005008347245409 0.05567928730512249
1 0.4315525876460768 0.5144766146993318 0.035058430717863104 0.044543429844097995
