1 0.44222222222222224 0.5933333333333334 0.03777777777777778 0.1
1 0.4988888888888889 0.5800000000000001 0.04 0.09333333333333334
1 0.3438888888888889 0.5458333333333334 0.012222222222222223 0.03166666666666667
1 0.4711111111111111 0.5375000000000001 0.013333333333333332 0.035
1 0.5366666666666666 0.5308333333333334 0.008888888888888889 0.021666666666666667
1 0.5588888888888889 0.53 0.008888888888888889 0.016666666666666666
1 0.6722222222222223 0.5241666666666667 0.008888888888888889 0.028333333333333335
1 0.7066666666666667 0.5266666666666667 0.008888888888888889 0.03333333333333333
1 0.7205555555555555 0.5316666666666667 0.014444444444444444 0.04
1 0.7988888888888889 0.5291666666666667 0.015555555555555555 0.035
1 0.9533333333333334 0.5133333333333334 0.017777777777777778 0.04
1 0.8438888888888889 0.5175000000000001 0.01 0.021666666666666667
