1 0.058 0.7330508474576272 0.092 0.2909604519774011
1 0.153 0.5875706214689266 0.038 0.0903954802259887
1 0.293 0.6384180790960452 0.054 0.14124293785310735
1 0.356 0.672316384180791 0.024 0.12429378531073446
1 0.462 0.6765536723163842 0.096 0.2288135593220339
1 0.5640000000000001 0.690677966101695 0.096 0.2457627118644068
1 0.677 0.730225988700565 0.11800000000000001 0.268361581920904
1 0.887 0.771186440677966 0.11 0.2937853107344633
1 0.972 0.7330508474576272 0.048 0.211864406779661
1 0.79 0.7033898305084746 0.07200000000000001 0.1977401129943503
