1 0.8270000000000001 0.7378048780487805 0.194 0.3353658536585366
1 0.167 0.8231707317073171 0.28200000000000003 0.34756097560975613
1 0.06 0.5152439024390244 0.12 0.4329268292682927
1 0.62 0.46646341463414637 0.076 0.20731707317073172
1 0.872 0.33384146341463417 0.076 0.25914634146341464
1 0.961 0.32164634146341464 0.074 0.3323170731707317
1 0.796 0.25609756097560976 0.076 0.18902439024390244
1 0.725 0.2378048780487805 0.062 0.20121951219512196
1 0.668 0.24847560975609756 0.048 0.15548780487804878
1 0.53 0.4161585365853659 0.084 0.1676829268292683
1 0.468 0.2911585365853659 0.064 0.18597560975609756
1 0.5700000000000001 0.19359756097560976 0.036000000000000004 0.10670731707317073
1 0.532 0.1875 0.032 0.08231707317073171
1 0.372 0.24237804878048783 0.06 0.11280487804878049
1 0.222 0.31097560975609756 0.056 0.10975609756097561
