1 0.173828125 0.27408854166666663 0.150390625 0.24348958333333331
1 0.50634765625 0.15625 0.0693359375 0.1171875
1 0.7216796875 0.2630208333333333 0.06640625 0.125
1 0.80615234375 0.24479166666666666 0.0654296875 0.15104166666666666
1 0.8720703125 0.25 0.05078125 0.11458333333333333
1 0.94189453125 0.2610677083333333 0.0732421875 0.13932291666666666
1 0.845703125 0.71484375 0.185546875 0.09895833333333333
1 0.53662109375 0.7486979166666666 0.2099609375 0.15625
1 0.1435546875 0.732421875 0.13671875 0.25651041666666663
1 0.18115234375 0.97265625 0.0634765625 0.05208333333333333
