1 0.09166666666666667 0.7135922330097086 0.15000000000000002 0.4951456310679611
1 0.25833333333333336 0.6286407766990291 0.1366666666666667 0.3349514563106796
1 0.4066666666666667 0.5995145631067961 0.12000000000000001 0.3058252427184466
1 0.5466666666666667 0.587378640776699 0.10666666666666667 0.30097087378640774
1 0.7833333333333334 0.674757281553398 0.09333333333333334 0.33009708737864074
1 0.9483333333333334 0.6092233009708737 0.09666666666666668 0.3543689320388349
1 0.7100000000000001 0.6213592233009708 0.05333333333333334 0.3203883495145631
1 0.5633333333333334 0.279126213592233 0.04 0.06310679611650485
1 0.7150000000000001 0.2766990291262136 0.03666666666666667 0.058252427184466014
1 0.7866666666666667 0.27427184466019416 0.02666666666666667 0.06310679611650485
1 0.9216666666666667 0.09951456310679611 0.03666666666666667 0.07281553398058252
1 0.8700000000000001 0.15776699029126212 0.03333333333333333 0.04368932038834951
1 0.49500000000000005 0.2645631067961165 0.030000000000000002 0.08252427184466019
1 0.43333333333333335 0.27427184466019416 0.03333333333333333 0.05339805825242718
1 0.3066666666666667 0.25970873786407767 0.03333333333333333 0.06310679611650485
1 0.08333333333333334 0.23058252427184464 0.03333333333333333 0.1116504854368932
