0 0.12962962962962962 0.5416666666666667 0.05925925925925926 0.10555555555555556
0 0.21851851851851853 0.5513888888888889 0.040740740740740744 0.10833333333333334
0 0.15092592592592594 0.6944444444444444 0.061111111111111116 0.1
0 0.32962962962962966 0.576388888888889 0.040740740740740744 0.06944444444444445
0 0.2740740740740741 0.5361111111111111 0.040740740740740744 0.1
0 0.4620370370370371 0.7416666666666667 0.03888888888888889 0.061111111111111116
0 0.3787037037037037 0.5861111111111111 0.031481481481481485 0.05
0 0.4101851851851852 0.5916666666666667 0.024074074074074074 0.05
0 0.6657407407407407 0.9402777777777778 0.07962962962962963 0.09722222222222222
1 0.7194444444444444 0.7472222222222222 0.02777777777777778 0.08888888888888889
