1 0.1423611111111111 0.5739583333333333 0.09305555555555556 0.24375
1 0.4444444444444445 0.5447916666666667 0.0638888888888889 0.19375
1 0.5104166666666667 0.5302083333333333 0.03194444444444445 0.11875
1 0.37569444444444444 0.5260416666666666 0.05416666666666667 0.16041666666666665
1 0.33125 0.5291666666666667 0.029166666666666667 0.1375
1 0.21041666666666667 0.540625 0.04027777777777778 0.13125
1 0.2520833333333333 0.5385416666666667 0.043055555555555555 0.14375
1 0.2916666666666667 0.5395833333333333 0.02777777777777778 0.11666666666666667
1 0.5548611111111111 0.54375 0.051388888888888894 0.20833333333333334
1 0.6145833333333334 0.5739583333333333 0.07083333333333333 0.23958333333333334
1 0.7055555555555556 0.5708333333333333 0.09444444444444444 0.2583333333333333
1 0.8 0.5666666666666667 0.08611111111111111 0.2708333333333333
1 0.9194444444444445 0.5572916666666666 0.08611111111111111 0.24375
