1 0.27667984189723316 0.7047244094488189 0.16996047430830039 0.2440944881889764
1 0.8804347826086956 0.7230971128608924 0.1126482213438735 0.3648293963254593
1 0.9179841897233201 0.45669291338582674 0.08498023715415019 0.1942257217847769
1 0.7292490118577074 0.484251968503937 0.05928853754940711 0.17060367454068243
1 0.8142292490118577 0.44750656167979 0.08695652173913043 0.12860892388451445
1 0.6294466403162055 0.4776902887139107 0.09683794466403162 0.23622047244094488
1 0.5444664031620553 0.43832020997375326 0.061264822134387345 0.16272965879265092
1 0.4871541501976284 0.42913385826771655 0.04545454545454545 0.16010498687664043
1 0.2924901185770751 0.42913385826771655 0.05533596837944664 0.13910761154855644
1 0.225296442687747 0.5223097112860893 0.07509881422924901 0.12073490813648294
1 0.133399209486166 0.6587926509186351 0.10474308300395256 0.26771653543307083
1 0.07707509881422925 0.5393700787401575 0.07114624505928853 0.10236220472440945
