1 0.3492063492063492 0.9083333333333334 0.1746031746031746 0.17857142857142858
1 0.02619047619047619 0.1 0.026984126984126985 0.1
1 0.05555555555555555 0.12380952380952381 0.025396825396825397 0.06190476190476191
1 0.08412698412698413 0.10595238095238096 0.04126984126984127 0.09761904761904763
1 0.11349206349206349 0.09523809523809525 0.023809523809523808 0.06190476190476191
1 0.1738095238095238 0.1642857142857143 0.03968253968253968 0.08571428571428572
1 0.1595238095238095 0.10357142857142858 0.03015873015873016 0.05952380952380953
1 0.21428571428571427 0.11309523809523811 0.025396825396825397 0.0642857142857143
1 0.2777777777777778 0.09523809523809525 0.031746031746031744 0.07142857142857144
1 0.32063492063492066 0.08571428571428572 0.022222222222222223 0.06190476190476191
1 0.35 0.0761904761904762 0.03015873015873016 0.05714285714285715
1 0.4166666666666667 0.07380952380952381 0.026984126984126985 0.06666666666666668
0 0.5190476190476191 0.08214285714285716 0.02857142857142857 0.0642857142857143
0 0.584920634920635 0.0761904761904762 0.03015873015873016 0.06666666666666668
1 0.6325396825396825 0.0761904761904762 0.023809523809523808 0.07142857142857144
1 0.653968253968254 0.4011904761904762 0.08571428571428572 0.21190476190476193
0 0.7825396825396825 0.4 0.11428571428571428 0.15714285714285717
