1 0.8055555555555556 0.4770833333333333 0.05555555555555556 0.14583333333333334
1 0.7541666666666667 0.49583333333333335 0.058333333333333334 0.15416666666666667
1 0.6826388888888889 0.4770833333333333 0.04027777777777778 0.125
1 0.6527777777777778 0.4739583333333333 0.036111111111111115 0.10625
1 0.6152777777777778 0.4864583333333333 0.044444444444444446 0.13958333333333334
1 0.5715277777777777 0.4770833333333333 0.03194444444444445 0.11666666666666667
1 0.5152777777777778 0.4791666666666667 0.06944444444444445 0.15416666666666667
1 0.44236111111111115 0.47604166666666664 0.05416666666666667 0.13958333333333334
1 0.38680555555555557 0.4927083333333333 0.06805555555555556 0.18125
1 0.27083333333333337 0.4875 0.058333333333333334 0.14166666666666666
1 0.14027777777777778 0.475 0.04722222222222222 0.1125
1 0.06736111111111111 0.471875 0.05694444444444444 0.11875
1 0.011805555555555555 0.48333333333333334 0.02361111111111111 0.11666666666666667
1 0.20277777777777778 0.4739583333333333 0.03333333333333333 0.07708333333333334
