1 0.6255555555555555 0.5116666666666667 0.1 0.27
1 0.7077777777777777 0.47500000000000003 0.07333333333333333 0.21000000000000002
1 0.7644444444444445 0.3566666666666667 0.057777777777777775 0.1
1 0.6522222222222223 0.25333333333333335 0.04666666666666667 0.08666666666666667
1 0.5433333333333333 0.29333333333333333 0.051111111111111114 0.10666666666666667
1 0.4988888888888889 0.4416666666666667 0.07333333333333333 0.20333333333333334
1 0.31777777777777777 0.43000000000000005 0.08 0.21333333333333335
1 0.3622222222222222 0.675 0.15555555555555556 0.3166666666666667
1 0.23333333333333334 0.8983333333333334 0.23555555555555555 0.19666666666666668
1 0.06444444444444444 0.8333333333333334 0.1288888888888889 0.24666666666666667
1 0.9766666666666667 0.22833333333333336 0.042222222222222223 0.14333333333333334
