0 0.3927272727272727 0.3103448275862069 0.14545454545454545 0.30769230769230765
1 0.6536363636363637 0.34084880636604775 0.15818181818181817 0.33156498673740054
1 0.97 0.2917771883289125 0.056363636363636366 0.16976127320954906
1 0.8290909090909091 0.3129973474801061 0.04363636363636364 0.14854111405835543
1 0.7881818181818182 0.2745358090185676 0.04181818181818182 0.13527851458885942
1 0.5490909090909091 0.27586206896551724 0.04 0.10610079575596816
0 0.05090909090909091 0.23474801061007958 0.04727272727272727 0.1246684350132626
0 0.10181818181818182 0.3183023872679045 0.04 0.07957559681697612
0 0.17363636363636364 0.3129973474801061 0.045454545454545456 0.06896551724137931
1 0.8827272727272727 0.3156498673740053 0.04909090909090909 0.10079575596816975
