1 0.10916666666666668 0.4799498746867168 0.08166666666666667 0.21804511278195488
1 0.22083333333333335 0.49248120300751874 0.07166666666666667 0.21303258145363407
1 0.315 0.48872180451127817 0.07 0.19047619047619047
1 0.4066666666666667 0.4949874686716792 0.08 0.20802005012531327
1 0.4816666666666667 0.4649122807017544 0.07333333333333333 0.19298245614035087
1 0.5675 0.48746867167919794 0.07833333333333334 0.18295739348370926
1 0.6516666666666667 0.4899749373433584 0.07333333333333333 0.16290726817042606
1 0.7166666666666667 0.5050125313283208 0.05666666666666667 0.18295739348370926
1 0.8025000000000001 0.49749373433583954 0.06166666666666667 0.17794486215538846
1 0.8833333333333334 0.5012531328320802 0.07333333333333333 0.19047619047619047
