1 0.08 0.5145631067961165 0.09454545454545454 0.19902912621359223
1 0.17181818181818181 0.48543689320388345 0.0890909090909091 0.16019417475728154
1 0.2318181818181818 0.47087378640776695 0.06 0.14563106796116504
1 0.29 0.46966019417475724 0.06363636363636363 0.11893203883495145
1 0.3572727272727273 0.47208737864077666 0.056363636363636366 0.11407766990291261
1 0.43636363636363634 0.45388349514563103 0.05454545454545454 0.11650485436893203
1 0.5036363636363637 0.45873786407766987 0.05090909090909091 0.1116504854368932
1 0.5618181818181818 0.4526699029126213 0.05454545454545454 0.09951456310679611
1 0.63 0.44053398058252424 0.038181818181818185 0.11407766990291261
1 0.6527272727272727 0.47087378640776695 0.03636363636363636 0.10679611650485436
1 0.7027272727272728 0.4781553398058252 0.06727272727272728 0.13106796116504854
1 0.7863636363636364 0.49757281553398053 0.08545454545454545 0.1407766990291262
1 0.8909090909090909 0.48422330097087374 0.09454545454545454 0.19174757281553395
