1 0.9116666666666667 0.54 0.16 0.27
1 0.7141666666666667 0.46375 0.05166666666666667 0.1075
1 0.17625000000000002 0.508125 0.12083333333333333 0.31375000000000003
1 0.14833333333333334 0.373125 0.028333333333333335 0.051250000000000004
1 0.08 0.3675 0.018333333333333333 0.0325
1 0.05041666666666667 0.364375 0.022500000000000003 0.04625
1 0.01625 0.18625 0.0325 0.0725
1 0.33166666666666667 0.39687500000000003 0.021666666666666667 0.06125
1 0.3075 0.40125 0.023333333333333334 0.075
1 0.20458333333333334 0.291875 0.0175 0.03625
1 0.1625 0.285625 0.015000000000000001 0.04125
1 0.12625 0.29625 0.01916666666666667 0.025
1 0.11208333333333334 0.281875 0.010833333333333334 0.043750000000000004
1 0.30833333333333335 0.30625 0.02 0.0425
