1 0.07753623188405798 0.20366795366795368 0.04782608695652174 0.07915057915057916
1 0.12101449275362319 0.1891891891891892 0.036231884057971016 0.0694980694980695
1 0.15797101449275364 0.23938223938223938 0.057971014492753624 0.11583011583011583
1 0.21811594202898552 0.1611969111969112 0.0391304347826087 0.0637065637065637
1 0.30869565217391304 0.10231660231660232 0.03188405797101449 0.05405405405405406
1 0.3782608695652174 0.12258687258687259 0.03768115942028986 0.06756756756756757
1 0.4210144927536232 0.111003861003861 0.0391304347826087 0.07915057915057916
0 0.6384057971014493 0.11776061776061776 0.042028985507246375 0.0888030888030888
0 0.6065217391304348 0.12065637065637067 0.03333333333333333 0.0637065637065637
0 0.7833333333333333 0.17084942084942084 0.02463768115942029 0.04826254826254826
0 0.8615942028985507 0.25965250965250963 0.036231884057971016 0.07142857142857142
1 0.9485507246376812 0.32142857142857145 0.09130434782608696 0.14864864864864866
1 0.8181159420289855 0.3156370656370656 0.09420289855072464 0.13320463320463322
1 0.6130434782608696 0.4343629343629344 0.0782608695652174 0.17374517374517376
1 0.5253623188405797 0.35135135135135137 0.06811594202898551 0.16602316602316602
1 0.46159420289855074 0.2142857142857143 0.0536231884057971 0.11196911196911197
1 0.4891304347826087 0.2982625482625483 0.04782608695652174 0.12162162162162163
1 0.3847826086956522 0.6283783783783784 0.10869565217391304 0.27606177606177607
1 0.7753623188405797 0.7702702702702703 0.1391304347826087 0.3861003861003861
1 0.9260869565217391 0.8918918918918919 0.1391304347826087 0.21235521235521235
1 0.24202898550724639 0.8108108108108109 0.20869565217391306 0.3281853281853282
1 0.07101449275362319 0.5704633204633205 0.11014492753623188 0.2528957528957529
1 0.26594202898550723 0.37934362934362936 0.08260869565217391 0.13320463320463322
