1 0.14 0.4604651162790698 0.08333333333333334 0.26046511627906976
1 0.6158333333333333 0.5104651162790698 0.08166666666666667 0.24883720930232558
1 0.5358333333333334 0.5 0.06166666666666667 0.22325581395348837
1 0.4741666666666667 0.4720930232558139 0.055 0.19069767441860463
1 0.43500000000000005 0.45348837209302323 0.043333333333333335 0.2
1 0.4033333333333334 0.4290697674418605 0.03666666666666667 0.1697674418604651
1 0.36750000000000005 0.413953488372093 0.03833333333333334 0.15813953488372093
1 0.8341666666666667 0.4848837209302326 0.095 0.22093023255813954
1 0.7466666666666667 0.45 0.07333333333333333 0.2069767441860465
1 0.6816666666666668 0.4267441860465116 0.060000000000000005 0.1697674418604651
