1 0.1575 0.6066666666666667 0.095 0.22666666666666668
1 0.26625 0.6066666666666667 0.0725 0.26666666666666666
1 0.31875000000000003 0.5183333333333333 0.0475 0.16333333333333333
1 0.35875 0.5266666666666667 0.0425 0.14
1 0.455 0.48500000000000004 0.05 0.10333333333333335
1 0.5625 0.505 0.035 0.12333333333333334
1 0.60375 0.515 0.0475 0.13
1 0.6475 0.5216666666666667 0.035 0.10333333333333335
1 0.68375 0.5083333333333334 0.0425 0.11666666666666667
1 0.71125 0.5466666666666667 0.0525 0.13333333333333333
1 0.885 0.7216666666666667 0.2 0.44333333333333336
