1 0.08687500000000001 0.5297741273100616 0.09625 0.24229979466119098
1 0.19062500000000002 0.5944558521560576 0.07125000000000001 0.25256673511293637
1 0.259375 0.5318275154004107 0.06375 0.23819301848049282
1 0.526875 0.5338809034907598 0.06625 0.2135523613963039
1 0.401875 0.5811088295687885 0.06375 0.22176591375770022
1 0.6 0.5174537987679672 0.06 0.14784394250513347
1 0.691875 0.49281314168377827 0.06125 0.188911704312115
1 0.846875 0.5369609856262834 0.04875 0.1375770020533881
1 0.946875 0.5657084188911704 0.06625 0.19507186858316222
1 0.734375 0.5061601642710473 0.051250000000000004 0.16221765913757702
