1 0.15 0.3826164874551971 0.036 0.07347670250896057
1 0.2673333333333333 0.3978494623655914 0.025333333333333333 0.053763440860215055
1 0.3293333333333333 0.3664874551971326 0.03733333333333333 0.07347670250896057
1 0.874 0.4032258064516129 0.17466666666666666 0.15770609318996415
1 0.2553333333333333 0.8163082437275986 0.06533333333333333 0.12365591397849462
0 0.16666666666666666 0.8082437275985663 0.088 0.17921146953405018
0 0.4646666666666667 0.31451612903225806 0.03333333333333333 0.06272401433691756
0 0.416 0.3960573476702509 0.026666666666666665 0.06810035842293907
0 0.42933333333333334 0.3602150537634409 0.026666666666666665 0.05734767025089606
0 0.5499999999999999 0.2840501792114695 0.030666666666666665 0.05913978494623656
0 0.584 0.2768817204301075 0.026666666666666665 0.06272401433691756
0 0.616 0.27419354838709675 0.029333333333333333 0.06093189964157706
1 0.4726666666666666 0.7078853046594982 0.028 0.03942652329749104
1 0.6046666666666667 0.8100358422939068 0.028 0.05734767025089606
1 0.5646666666666667 0.803763440860215 0.02 0.03046594982078853
1 0.754 0.6541218637992832 0.022666666666666665 0.035842293906810034
1 0.7913333333333333 0.6630824372759857 0.022666666666666665 0.043010752688172046
1 0.8266666666666667 0.7267025089605734 0.026666666666666665 0.05197132616487455
1 0.862 0.7562724014336918 0.02 0.053763440860215055
1 0.8893333333333333 0.7598566308243727 0.024 0.06093189964157706
