1 0.085625 0.5326576576576576 0.09625 0.21396396396396397
1 0.163125 0.5022522522522522 0.07125000000000001 0.1981981981981982
1 0.228125 0.48986486486486486 0.058750000000000004 0.18693693693693694
1 0.29125 0.481981981981982 0.0525 0.15315315315315314
1 0.358125 0.48648648648648646 0.058750000000000004 0.14414414414414414
1 0.435625 0.4617117117117117 0.05375 0.16216216216216217
1 0.50625 0.4752252252252252 0.055 0.15765765765765766
1 0.566875 0.47072072072072074 0.051250000000000004 0.15765765765765766
1 0.63125 0.45045045045045046 0.035 0.18468468468468469
1 0.656875 0.49324324324324326 0.03875 0.16666666666666666
1 0.704375 0.49099099099099097 0.05625 0.17117117117117117
1 0.786875 0.5112612612612613 0.07375 0.18018018018018017
1 0.888125 0.4831081081081081 0.08125 0.23198198198198197
