1 0.05857142857142857 0.631720430107527 0.07142857142857142 0.24193548387096775
1 0.11857142857142858 0.5913978494623656 0.054285714285714284 0.1827956989247312
1 0.16142857142857142 0.5940860215053764 0.03142857142857143 0.18817204301075272
1 0.18428571428571427 0.5806451612903226 0.03142857142857143 0.17204301075268819
1 0.22 0.5779569892473119 0.04 0.14516129032258066
1 0.26285714285714284 0.5752688172043011 0.05142857142857143 0.15053763440860216
1 0.35428571428571426 0.5779569892473119 0.04 0.16666666666666669
1 0.3942857142857143 0.5698924731182796 0.04 0.17204301075268819
1 0.43714285714285717 0.5833333333333334 0.05142857142857143 0.16666666666666669
1 0.49142857142857144 0.5887096774193549 0.045714285714285714 0.16666666666666669
1 0.54 0.6048387096774194 0.05142857142857143 0.18817204301075272
1 0.5857142857142857 0.5887096774193549 0.045714285714285714 0.18817204301075272
1 0.6371428571428571 0.5913978494623656 0.05142857142857143 0.1827956989247312
1 0.7214285714285714 0.5994623655913979 0.04285714285714286 0.16666666666666669
1 0.7628571428571429 0.6048387096774194 0.02857142857142857 0.15591397849462366
1 0.8028571428571428 0.6075268817204301 0.05142857142857143 0.17204301075268819
