1 0.07575757575757576 0.633 0.06060606060606061 0.126
1 0.13712121212121212 0.626 0.05 0.124
1 0.10833333333333334 0.559 0.03787878787878788 0.066
1 0.19924242424242425 0.657 0.05606060606060606 0.154
1 0.2818181818181818 0.638 0.051515151515151514 0.132
1 0.2446969696969697 0.5740000000000001 0.04393939393939394 0.056
1 0.35378787878787876 0.641 0.05909090909090909 0.14200000000000002
1 0.44166666666666665 0.616 0.05909090909090909 0.14400000000000002
1 0.5212121212121212 0.651 0.048484848484848485 0.162
1 0.6113636363636363 0.642 0.06818181818181818 0.176
1 0.7121212121212122 0.643 0.07272727272727272 0.17
1 0.8204545454545454 0.638 0.07727272727272727 0.156
1 0.931060606060606 0.619 0.07424242424242425 0.154
