1 0.965 0.38 0.066 0.19999999999999998
1 0.878 0.436 0.088 0.25866666666666666
1 0.711 0.33599999999999997 0.05 0.128
1 0.768 0.296 0.032 0.06933333333333333
1 0.651 0.38 0.058 0.17866666666666667
1 0.584 0.4026666666666667 0.068 0.16
1 0.521 0.44266666666666665 0.062 0.19733333333333333
1 0.463 0.45199999999999996 0.07 0.19999999999999998
1 0.34900000000000003 0.4613333333333333 0.11 0.2826666666666667
1 0.241 0.5 0.114 0.264
1 0.149 0.432 0.08600000000000001 0.24533333333333332
1 0.048 0.448 0.096 0.256
