1 0.535 0.4266666666666667 0.065 0.13333333333333333
1 0.6275000000000001 0.38833333333333336 0.05 0.11666666666666667
1 0.7000000000000001 0.4966666666666667 0.11 0.2066666666666667
1 0.8475 0.4733333333333334 0.095 0.2
1 0.42625 0.4166666666666667 0.0575 0.13333333333333333
1 0.3425 0.4083333333333334 0.06 0.12333333333333334
1 0.30375 0.39333333333333337 0.0375 0.13333333333333333
1 0.2125 0.42833333333333334 0.085 0.15666666666666668
1 0.09 0.4366666666666667 0.065 0.12666666666666668
1 0.04125 0.4966666666666667 0.0825 0.18666666666666668
