1 0.9293333333333333 0.528 0.08533333333333333 0.244
1 0.722 0.451 0.108 0.314
1 0.7966666666666666 0.523 0.04666666666666666 0.202
1 0.612 0.5660000000000001 0.06133333333333333 0.164
1 0.4653333333333333 0.633 0.06666666666666667 0.214
1 0.5073333333333333 0.594 0.052 0.176
1 0.38066666666666665 0.643 0.06799999999999999 0.214
1 0.29533333333333334 0.586 0.07066666666666667 0.212
1 0.41533333333333333 0.43 0.08666666666666667 0.076
1 0.258 0.498 0.044 0.088
1 0.21466666666666667 0.625 0.064 0.182
1 0.11266666666666666 0.599 0.07866666666666666 0.222
