1 0.9847826086956522 0.4941972920696325 0.02753623188405797 0.10638297872340426
1 0.9507246376811594 0.4796905222437137 0.034782608695652174 0.08897485493230174
1 0.9173913043478261 0.47678916827852996 0.04057971014492753 0.10638297872340426
1 0.8630434782608696 0.47292069632495165 0.04492753623188406 0.09477756286266925
1 0.717391304347826 0.47292069632495165 0.03768115942028986 0.07543520309477757
1 0.6275362318840579 0.47775628626692457 0.03188405797101449 0.08123791102514506
1 0.572463768115942 0.4864603481624758 0.0463768115942029 0.10251450676982592
1 0.5253623188405797 0.48452611218568664 0.036231884057971016 0.12959381044487428
1 0.4963768115942029 0.4825918762088975 0.036231884057971016 0.1102514506769826
1 0.38333333333333336 0.4951644100580271 0.036231884057971016 0.08897485493230174
1 0.44130434782608696 0.5676982591876208 0.12028985507246377 0.2688588007736944
1 0.34710144927536235 0.47775628626692457 0.036231884057971016 0.10058027079303675
1 0.29782608695652174 0.4671179883945841 0.03333333333333333 0.06769825918762089
1 0.2717391304347826 0.48936170212765956 0.036231884057971016 0.10444874274661509
1 0.1398550724637681 0.4835589941972921 0.06811594202898551 0.13926499032882012
1 0.042028985507246375 0.4990328820116054 0.04927536231884058 0.1276595744680851
