1 0.6239130434782609 0.833976833976834 0.20724637681159422 0.3281853281853282
1 0.972463768115942 0.5781853281853282 0.052173913043478265 0.19884169884169883
1 0.7340579710144928 0.6167953667953668 0.12608695652173912 0.2876447876447876
1 0.65 0.5675675675675675 0.059420289855072465 0.21235521235521235
1 0.4702898550724638 0.6032818532818532 0.07681159420289856 0.21814671814671815
1 0.4 0.7461389961389961 0.14492753623188406 0.19884169884169883
1 0.26521739130434785 0.6563706563706564 0.08115942028985507 0.1003861003861004
1 0.22028985507246376 0.5222007722007722 0.07536231884057971 0.12548262548262548
1 0.3144927536231884 0.5463320463320464 0.08115942028985507 0.1312741312741313
1 0.41159420289855075 0.5405405405405406 0.06376811594202898 0.15830115830115832
1 0.14420289855072463 0.5801158301158301 0.07101449275362319 0.09073359073359073
