1 0.714 0.8033033033033034 0.122 0.21621621621621623
1 0.8595 0.7214714714714715 0.093 0.16366366366366367
1 0.764 0.6621621621621622 0.058 0.0960960960960961
1 0.649 0.683933933933934 0.056 0.08558558558558559
1 0.5935 0.6306306306306306 0.051000000000000004 0.06906906906906907
1 0.543 0.581081081081081 0.026000000000000002 0.03303303303303303
1 0.2425 0.8746246246246246 0.203 0.24774774774774774
1 0.3945 0.6906906906906907 0.075 0.09009009009009009
1 0.161 0.71996996996997 0.10200000000000001 0.13063063063063063
1 0.073 0.5735735735735735 0.056 0.0990990990990991
1 0.0265 0.6809309309309309 0.053 0.13363363363363362
1 0.735 0.5487987987987988 0.018000000000000002 0.04354354354354354
1 0.4325 0.6336336336336337 0.039 0.06006006006006006
1 0.358 0.6058558558558559 0.04 0.046546546546546545
1 0.38 0.5172672672672672 0.03 0.028528528528528527
