1 0.11484375000000001 0.740625 0.051562500000000004 0.09791666666666667
1 0.057031250000000006 0.7625 0.060937500000000006 0.09583333333333333
1 0.09921875000000001 0.9489583333333333 0.1546875 0.09791666666666667
1 0.19765625 0.90625 0.1078125 0.17916666666666667
1 0.26875 0.8697916666666666 0.07187500000000001 0.15625
1 0.3140625 0.7927083333333333 0.043750000000000004 0.08958333333333333
1 0.3515625 0.7635416666666667 0.034375 0.05625
1 0.37343750000000003 0.7354166666666666 0.03125 0.06666666666666667
1 0.38515625000000003 0.9479166666666666 0.1390625 0.1
1 0.44062500000000004 0.86875 0.084375 0.13333333333333333
1 0.6296875000000001 0.94375 0.11875000000000001 0.10833333333333334
1 0.853125 0.8927083333333333 0.08750000000000001 0.18958333333333333
1 0.9304687500000001 0.9270833333333334 0.1328125 0.14166666666666666
1 0.7859375000000001 0.8354166666666667 0.06875 0.1625
1 0.7312500000000001 0.8125 0.046875 0.13333333333333333
1 0.6960937500000001 0.7729166666666667 0.0390625 0.1
1 0.671875 0.7270833333333333 0.037500000000000006 0.06666666666666667
1 0.97265625 0.759375 0.0421875 0.08958333333333333
1 0.92578125 0.7322916666666667 0.035937500000000004 0.06875
