1 0.697869101978691 0.296998420221169 0.0563165905631659 0.06635071090047394
1 0.789193302891933 0.27014218009478674 0.0593607305936073 0.05055292259083728
1 0.8850837138508371 0.21011058451816744 0.0715372907153729 0.05055292259083728
1 0.286910197869102 0.14139020537124802 0.0228310502283105 0.03949447077409163
1 0.332572298325723 0.15876777251184834 0.0228310502283105 0.03949447077409163
1 0.4246575342465753 0.21642969984202212 0.0243531202435312 0.04107424960505529
1 0.4155251141552511 0.28672985781990523 0.0243531202435312 0.03949447077409163
1 0.34779299847793 0.35624012638230645 0.0228310502283105 0.03949447077409163
1 0.2541856925418569 0.3862559241706161 0.0182648401826484 0.03317535545023697
1 0.13470319634703196 0.3909952606635071 0.0228310502283105 0.023696682464454975
