1 0.6531250000000001 0.22018348623853212 0.07187500000000001 0.1559633027522936
1 0.72265625 0.20871559633027525 0.045312500000000006 0.1559633027522936
1 0.49375 0.19495412844036697 0.065625 0.1559633027522936
1 0.4234375 0.2522935779816514 0.1 0.16055045871559634
1 0.22187500000000002 0.28325688073394495 0.078125 0.13532110091743121
1 0.06328125 0.5756880733944955 0.11406250000000001 0.34403669724770647
1 0.20390625 0.6112385321100918 0.16718750000000002 0.34174311926605505
1 0.40234375 0.48050458715596334 0.1234375 0.19036697247706424
1 0.46328125000000003 0.5401376146788991 0.0921875 0.18119266055045874
1 0.6765625000000001 0.5458715596330276 0.1125 0.1834862385321101
1 0.75390625 0.8463302752293579 0.23593750000000002 0.30275229357798167
1 0.34687500000000004 0.831422018348624 0.17500000000000002 0.33256880733944955
