0 0.098 0.6964017991004497 0.12 0.10644677661169415
0 0.219 0.6784107946026986 0.098 0.07946026986506746
0 0.489 0.5689655172413793 0.034 0.01649175412293853
0 0.375 0.5472263868065966 0.03 0.026986506746626684
0 0.41200000000000003 0.5509745127436282 0.02 0.01649175412293853
0 0.461 0.5449775112443778 0.022 0.019490254872563718
0 0.506 0.5359820089955022 0.028 0.022488755622188904
1 0.906 0.5314842578710645 0.028 0.02848575712143928
0 0.9580000000000001 0.4992503748125937 0.024 0.0239880059970015
0 0.11900000000000001 0.5712143928035982 0.046 0.038980509745127435
0 0.041 0.5854572713643178 0.054 0.034482758620689655
0 0.091 0.5494752623688156 0.03 0.02848575712143928
0 0.058 0.5547226386806596 0.032 0.026986506746626684
0 0.022 0.5547226386806596 0.044 0.026986506746626684
0 0.198 0.5389805097451275 0.032 0.022488755622188904
0 0.24 0.532983508245877 0.032 0.022488755622188904
