0 0.05443886097152429 0.14333333333333334 0.05527638190954774 0.15333333333333335
0 0.21273031825795646 0.14333333333333334 0.05360134003350084 0.16
0 0.38190954773869346 0.14500000000000002 0.06030150753768844 0.15666666666666668
0 0.5561139028475712 0.15000000000000002 0.06030150753768844 0.14666666666666667
0 0.7345058626465661 0.14666666666666667 0.05527638190954774 0.16
0 0.9045226130653267 0.14166666666666666 0.05360134003350084 0.14333333333333334
0 0.9120603015075377 0.6466666666666667 0.051926298157453935 0.14666666666666667
0 0.7211055276381909 0.6466666666666667 0.06867671691792294 0.18666666666666668
0 0.5192629815745393 0.6483333333333334 0.06030150753768844 0.14333333333333334
0 0.3710217755443886 0.6466666666666667 0.06197654941373534 0.16
0 0.20938023450586266 0.6483333333333334 0.06030150753768844 0.17
0 0.06700167504187604 0.6633333333333333 0.05360134003350084 0.15333333333333335
