1 0.9224719101123596 0.690119760479042 0.150561797752809 0.4880239520958084
0 0.753932584269663 0.6047904191616766 0.13707865168539327 0.281437125748503
0 0.6235955056179776 0.6062874251497007 0.11011235955056181 0.26047904191616766
0 0.5134831460674157 0.6017964071856288 0.09662921348314607 0.23353293413173654
0 0.3966292134831461 0.5523952095808383 0.08764044943820226 0.218562874251497
0 0.450561797752809 0.5179640718562875 0.05168539325842697 0.23353293413173654
0 0.32471910112359553 0.561377245508982 0.07415730337078652 0.20059880239520958
1 0.2460674157303371 0.4640718562874252 0.13258426966292136 0.2694610778443114
1 0.1719101123595506 0.47455089820359286 0.07865168539325844 0.24850299401197606
1 0.10674157303370788 0.4820359281437126 0.07415730337078652 0.11976047904191617
1 0.020224719101123598 0.45958083832335334 0.040449438202247195 0.09880239520958084
