0 0.064 0.14426229508196722 0.07200000000000001 0.16393442622950818
0 0.26 0.14590163934426228 0.076 0.16065573770491803
0 0.464 0.14262295081967213 0.07200000000000001 0.1540983606557377
0 0.672 0.15081967213114755 0.076 0.15737704918032785
0 0.891 0.14590163934426228 0.07 0.14754098360655737
0 0.875 0.6409836065573771 0.082 0.16721311475409836
0 0.63 0.6524590163934426 0.07200000000000001 0.15737704918032785
0 0.45 0.6475409836065574 0.07200000000000001 0.16065573770491803
0 0.252 0.6409836065573771 0.07200000000000001 0.16065573770491803
0 0.082 0.6704918032786885 0.068 0.14754098360655737
