1 0.527 0.417910447761194 0.05 0.13134328358208955
0 0.602 0.508955223880597 0.068 0.14029850746268657
0 0.779 0.5746268656716418 0.082 0.16417910447761194
0 0.853 0.5985074626865672 0.074 0.12835820895522387
0 0.677 0.5402985074626866 0.062 0.15522388059701492
0 0.721 0.5791044776119403 0.05 0.20298507462686569
0 0.424 0.5582089552238806 0.06 0.18507462686567164
0 0.372 0.6223880597014926 0.092 0.20597014925373133
0 0.247 0.6970149253731344 0.222 0.12238805970149254
0 0.499 0.46567164179104475 0.026000000000000002 0.0955223880597015
