1 0.9213483146067416 0.6826347305389222 0.15280898876404495 0.46706586826347307
0 0.753932584269663 0.6107784431137725 0.14157303370786517 0.2574850299401198
0 0.6213483146067417 0.6152694610778443 0.11910112359550563 0.26047904191616766
0 0.5191011235955056 0.6152694610778443 0.10337078651685394 0.23053892215568864
0 0.45280898876404496 0.5149700598802396 0.06067415730337079 0.19760479041916168
0 0.39550561797752815 0.5553892215568863 0.0853932584269663 0.2125748502994012
0 0.3314606741573034 0.562874251497006 0.06067415730337079 0.22155688622754494
1 0.251685393258427 0.47904191616766467 0.13932584269662923 0.2694610778443114
1 0.17303370786516856 0.47754491017964074 0.08988764044943821 0.23652694610778444
1 0.10449438202247192 0.4850299401197605 0.07865168539325844 0.125748502994012
1 0.022471910112359553 0.4565868263473054 0.04494382022471911 0.09281437125748504
