1 0.14114583333333333 0.5867187500000001 0.203125 0.23125
1 0.4296875 0.586328125 0.190625 0.21484375
1 0.2640625 0.525390625 0.134375 0.16796875
1 0.5177083333333333 0.46875 0.09375 0.1203125
1 0.6677083333333333 0.58125 0.15625 0.240625
1 0.8458333333333333 0.56796875 0.125 0.2078125
1 0.7609375 0.47734375 0.059375 0.08281250000000001
1 0.6020833333333333 0.44609375 0.07916666666666666 0.08125
1 0.42552083333333335 0.38320312500000003 0.042708333333333334 0.03671875
1 0.4588541666666667 0.37031250000000004 0.036458333333333336 0.0484375
