0 0.1318359375 0.4149560117302053 0.138671875 0.3548387096774194
0 0.2314453125 0.4398826979472141 0.099609375 0.26392961876832843
0 0.3017578125 0.48240469208211145 0.052734375 0.17888563049853373
0 0.337890625 0.4750733137829912 0.04296875 0.16422287390029325
0 0.3779296875 0.4780058651026393 0.044921875 0.15249266862170088
0 0.40625 0.48533724340175954 0.02734375 0.12609970674486803
0 0.466796875 0.4736070381231672 0.02734375 0.07331378299120235
0 0.572265625 0.4604105571847507 0.01953125 0.05278592375366569
0 0.607421875 0.4633431085043988 0.04296875 0.093841642228739
0 0.8642578125 0.4413489736070381 0.056640625 0.21994134897360704
0 0.802734375 0.46774193548387094 0.0859375 0.21407624633431085
0 0.740234375 0.47653958944281527 0.03125 0.1495601173020528
0 0.7099609375 0.48240469208211145 0.029296875 0.13196480938416422
0 0.6845703125 0.4706744868035191 0.029296875 0.12023460410557185
