0 0.040300546448087435 0.6880081300813009 0.06147540983606557 0.15243902439024393
0 0.09221311475409837 0.7205284552845529 0.0778688524590164 0.16869918699186995
0 0.14002732240437157 0.8455284552845529 0.15710382513661203 0.28455284552845533
0 0.2342896174863388 0.7225609756097562 0.0942622950819672 0.18495934959349594
0 0.3353825136612022 0.8638211382113822 0.12431693989071038 0.23170731707317074
0 0.4077868852459016 0.733739837398374 0.08333333333333333 0.1869918699186992
0 0.29508196721311475 0.6737804878048781 0.060109289617486336 0.16463414634146342
0 0.366120218579235 0.58739837398374 0.03825136612021858 0.0813008130081301
0 0.4412568306010929 0.6158536585365855 0.040983606557377046 0.07723577235772358
0 0.32991803278688525 0.5904471544715448 0.03961748633879782 0.06300813008130082
0 0.7056010928961749 0.8394308943089431 0.12158469945355191 0.2601626016260163
0 0.8654371584699454 0.8109756097560976 0.1325136612021858 0.23983739837398377
0 0.9357923497267759 0.7083333333333334 0.05737704918032787 0.12398373983739838
0 0.7862021857923497 0.7103658536585367 0.08060109289617487 0.10772357723577237
0 0.7465846994535519 0.6382113821138212 0.05327868852459016 0.07723577235772358
0 0.644808743169399 0.7347560975609757 0.07650273224043716 0.17682926829268295
0 0.7069672131147541 0.6128048780487806 0.04234972677595628 0.06707317073170732
0 0.6789617486338798 0.5813008130081302 0.03551912568306011 0.04065040650406505
0 0.73224043715847 0.5233739837398375 0.03278688524590164 0.030487804878048783
0 0.7725409836065574 0.5843495934959351 0.03961748633879782 0.0467479674796748
0 0.8237704918032787 0.5945121951219513 0.05191256830601093 0.0467479674796748
0 0.8558743169398907 0.6392276422764228 0.06420765027322405 0.06300813008130082
0 0.9016393442622951 0.6026422764227642 0.060109289617486336 0.06300813008130082
