1 0.5600750938673342 0.5836466165413533 0.24405506883604505 0.47180451127819545
1 0.044430538172715896 0.3515037593984962 0.03379224030037547 0.06015037593984962
1 0.11201501877346684 0.22650375939849623 0.03379224030037547 0.06578947368421052
1 0.18898623279098875 0.2791353383458646 0.04005006257822278 0.03195488721804511
1 0.2521902377972466 0.37030075187969924 0.03879849812265332 0.09022556390977443
1 0.33917396745932415 0.35432330827067665 0.0425531914893617 0.08082706766917293
1 0.4148936170212766 0.34774436090225563 0.03879849812265332 0.07518796992481203
1 0.30037546933667086 0.22368421052631576 0.017521902377972465 0.045112781954887216
1 0.35356695869837296 0.22368421052631576 0.01877346683354193 0.045112781954887216
1 0.37484355444305384 0.23026315789473684 0.01877346683354193 0.05451127819548872
1 0.6971214017521903 0.33270676691729323 0.03254067584480601 0.05639097744360902
1 0.6526908635794744 0.3082706766917293 0.023779724655819776 0.05263157894736842
1 0.7490613266583229 0.3120300751879699 0.03128911138923655 0.045112781954887216
1 0.8066332916145181 0.22932330827067668 0.023779724655819776 0.02631578947368421
1 0.9017521902377973 0.24530075187969924 0.016270337922403004 0.02819548872180451
1 0.6752190237797246 0.22650375939849623 0.01877346683354193 0.02819548872180451
1 0.5919899874843555 0.23120300751879697 0.02002503128911139 0.03383458646616541
1 0.967459324155194 0.22650375939849623 0.022528160200250315 0.046992481203007516
