1 0.03875 0.5103189493433395 0.0675 0.14634146341463414
1 0.111875 0.5262664165103189 0.058750000000000004 0.13696060037523453
1 0.183125 0.49437148217636023 0.07875 0.13696060037523453
1 0.261875 0.4849906191369606 0.07625 0.16322701688555347
1 0.340625 0.48686679174484054 0.07625 0.15572232645403378
1 0.42 0.4652908067542214 0.0675 0.13883677298311445
1 0.48562500000000003 0.46716697936210133 0.06875 0.13883677298311445
1 0.600625 0.4455909943714822 0.06125 0.14821763602251406
1 0.65 0.5262664165103189 0.04 0.1294559099437148
1 0.70875 0.4849906191369606 0.065 0.13320825515947468
1 0.785 0.45121951219512196 0.055 0.11819887429643527
1 0.8668750000000001 0.4596622889305816 0.07875 0.13883677298311445
1 0.93625 0.4155722326454034 0.0475 0.12570356472795496
1 0.980625 0.41181988742964354 0.03625 0.14446529080675422
