1 0.32602739726027397 0.26282051282051283 0.03287671232876713 0.11538461538461539
1 0.863013698630137 0.3525641025641026 0.0547945205479452 0.0811965811965812
1 0.8068493150684931 0.3803418803418804 0.052054794520547946 0.08547008547008547
1 0.7246575342465753 0.3696581196581197 0.04657534246575343 0.08974358974358976
1 0.6479452054794521 0.3717948717948718 0.04657534246575343 0.09401709401709403
1 0.536986301369863 0.3824786324786325 0.03287671232876713 0.10683760683760685
1 0.4534246575342466 0.3547008547008547 0.0410958904109589 0.08547008547008547
1 0.23013698630136986 0.3354700854700855 0.049315068493150684 0.0811965811965812
1 0.13561643835616438 0.3290598290598291 0.06301369863013699 0.09401709401709403
1 0.038356164383561646 0.34829059829059833 0.043835616438356165 0.07264957264957266
