0 0.058888888888888886 0.42615384615384616 0.11777777777777777 0.2923076923076923
0 0.1288888888888889 0.40615384615384614 0.06666666666666667 0.20923076923076922
0 0.2544444444444444 0.45384615384615384 0.17555555555555555 0.3415384615384615
0 0.37666666666666665 0.4153846153846154 0.1 0.2153846153846154
0 0.43555555555555553 0.38769230769230767 0.05333333333333333 0.17846153846153845
0 0.47888888888888886 0.3830769230769231 0.051111111111111114 0.16307692307692306
0 0.5688888888888889 0.42615384615384616 0.11555555555555555 0.28
0 0.6655555555555556 0.3830769230769231 0.06 0.15076923076923077
0 0.7533333333333333 0.40615384615384614 0.08444444444444445 0.2153846153846154
0 0.8744444444444445 0.4 0.07777777777777778 0.19076923076923077
0 0.8122222222222222 0.3861538461538462 0.04666666666666667 0.15076923076923077
0 0.9444444444444444 0.39076923076923076 0.05333333333333333 0.19076923076923077
