0 0.18125 0.549812030075188 0.0425 0.08834586466165413
0 0.229375 0.5601503759398496 0.03125 0.06766917293233082
0 0.279375 0.5639097744360901 0.02875 0.05263157894736842
0 0.38875 0.5648496240601504 0.03 0.06203007518796992
0 0.426875 0.5667293233082706 0.02375 0.05075187969924812
0 0.45 0.5704887218045113 0.0225 0.05075187969924812
1 0.484375 0.5648496240601504 0.02625 0.06203007518796992
1 0.34500000000000003 0.5827067669172932 0.055 0.09774436090225563
1 0.5125 0.5639097744360901 0.02 0.04887218045112782
1 0.534375 0.5667293233082706 0.02625 0.05827067669172932
1 0.570625 0.5573308270676691 0.02625 0.05827067669172932
1 0.63625 0.6043233082706767 0.0625 0.13721804511278196
1 0.755625 0.5733082706766917 0.06375 0.14661654135338345
1 0.8150000000000001 0.5695488721804511 0.02 0.045112781954887216
1 0.7987500000000001 0.5545112781954887 0.015 0.041353383458646614
1 0.70125 0.5601503759398496 0.0175 0.041353383458646614
1 0.6793750000000001 0.5601503759398496 0.01625 0.045112781954887216
