0 0.7902584493041749 0.46166666666666667 0.1332007952286282 0.18333333333333335
0 0.7127236580516898 0.395 0.07753479125248508 0.15666666666666668
0 0.6371769383697813 0.48500000000000004 0.073558648111332 0.17
0 0.5576540755467196 0.42833333333333334 0.06958250497017891 0.21000000000000002
0 0.48608349900596415 0.45 0.06560636182902584 0.17333333333333334
0 0.43836978131212717 0.41833333333333333 0.06560636182902584 0.18333333333333335
0 0.6172962226640158 0.28833333333333333 0.05367793240556659 0.09666666666666668
0 0.489065606361829 0.29833333333333334 0.04771371769383698 0.09000000000000001
0 0.37972166998011925 0.4166666666666667 0.05566600397614314 0.17333333333333334
0 0.33598409542743535 0.34 0.05168986083499005 0.14
0 0.2813121272365805 0.38833333333333336 0.057654075546719676 0.12333333333333334
0 0.24552683896620275 0.30833333333333335 0.049701789264413515 0.10333333333333335
0 0.46322067594433397 0.07666666666666667 0.02385685884691849 0.04
0 0.1809145129224652 0.28833333333333333 0.03578528827037773 0.07
0 0.1401590457256461 0.24333333333333335 0.029821073558648107 0.060000000000000005
0 0.06958250497017891 0.19833333333333333 0.02783300198807157 0.07666666666666667
0 0.08946322067594432 0.2016666666666667 0.02385685884691849 0.05666666666666667
0 0.11232604373757454 0.23 0.025844930417495027 0.060000000000000005
