0 0.53 0.7458770614692654 0.3 0.3073463268365817
0 0.748 0.6874062968515742 0.17200000000000001 0.25037481259370314
0 0.902 0.6176911544227885 0.17200000000000001 0.22788605697151423
0 0.624 0.5517241379310345 0.148 0.12293853073463268
0 0.543 0.4745127436281859 0.098 0.08845577211394302
0 0.44 0.5554722638680659 0.176 0.13043478260869565
0 0.389 0.48575712143928035 0.11800000000000001 0.08695652173913043
0 0.252 0.5877061469265367 0.196 0.20389805097451275
0 0.065 0.41829085457271364 0.08600000000000001 0.08095952023988005
0 0.115 0.46551724137931033 0.122 0.12143928035982009
0 0.187 0.4790104947526237 0.09 0.07646176911544228
0 0.296 0.4325337331334333 0.068 0.06446776611694152
0 0.383 0.404047976011994 0.082 0.031484257871064465
0 0.34 0.39280359820089955 0.068 0.038980509745127435
1 0.227 0.31334332833583206 0.10200000000000001 0.09895052473763118
