0 0.32430555555555557 0.45720250521920663 0.10972222222222222 0.2588726513569937
0 0.40902777777777777 0.5824634655532358 0.0763888888888889 0.22546972860125258
0 0.4916666666666667 0.6106471816283924 0.1 0.21085594989561585
0 0.6 0.6461377870563674 0.10833333333333334 0.21085594989561585
0 0.68125 0.5908141962421711 0.08472222222222223 0.20876826722338201
0 0.7583333333333334 0.5709812108559499 0.09166666666666667 0.22338204592901878
0 0.81875 0.5156576200417536 0.06527777777777778 0.19206680584551147
0 0.8763888888888889 0.4947807933194154 0.05555555555555556 0.1544885177453027
0 0.9388888888888889 0.45615866388308973 0.05 0.13987473903966596
0 0.9743055555555556 0.4206680584551148 0.04861111111111111 0.15240083507306887
