0 0.694375 0.2495291902071563 0.058750000000000004 0.07721280602636535
0 0.4325 0.4020715630885122 0.0625 0.07344632768361582
0 0.62125 0.4792843691148776 0.0475 0.06214689265536723
0 0.671875 0.47457627118644063 0.043750000000000004 0.05649717514124294
0 0.325 0.6647834274952918 0.06 0.09792843691148775
0 0.22125 0.7806026365348399 0.095 0.15254237288135591
0 0.130625 0.85969868173258 0.08625000000000001 0.0847457627118644
0 0.67 0.9726930320150659 0.0625 0.05084745762711864
0 0.600625 0.8822975517890772 0.07375 0.06591337099811675
0 0.520625 0.9218455743879472 0.07375 0.09604519774011298
0 0.465625 0.8851224105461393 0.058750000000000004 0.0903954802259887
0 0.41375 0.9209039548022598 0.065 0.08286252354048963
