0 0.43333333333333335 0.805 0.22666666666666668 0.375
0 0.905 0.70375 0.15000000000000002 0.28750000000000003
0 0.8933333333333334 0.325 0.12333333333333334 0.15
0 0.775 0.49125 0.10666666666666667 0.1575
0 0.7025 0.4975 0.09833333333333334 0.165
0 0.6608333333333334 0.39875 0.07500000000000001 0.0825
0 0.1375 0.85375 0.23833333333333334 0.28750000000000003
0 0.24166666666666667 0.6625 0.14666666666666667 0.215
0 0.11583333333333334 0.56375 0.14166666666666666 0.1375
0 0.30000000000000004 0.41875 0.07333333333333333 0.0775
0 0.5041666666666667 0.28625 0.065 0.0975
1 0.4291666666666667 0.41625 0.18500000000000003 0.2625
