0 0.791016 0.247266 0.038281 0.028906
0 0.148438 0.257031 0.031250 0.035937
0 0.716797 0.270313 0.033594 0.031250
0 0.180859 0.283203 0.033594 0.038281
0 0.590625 0.288672 0.031250 0.024219
0 0.648438 0.307031 0.031250 0.026562
0 0.111719 0.353125 0.048438 0.040625
0 0.440234 0.355078 0.042969 0.038281
0 0.705078 0.427734 0.050781 0.042969
0 0.543359 0.482422 0.033594 0.042969
0 0.588281 0.507031 0.035937 0.026562
0 0.405859 0.512109 0.042969 0.033594
0 0.712891 0.639453 0.050781 0.038281
0 0.080078 0.236328 0.050781 0.050781
