0 0.487109 0.433594 0.074219 0.048438
0 0.702344 0.442188 0.067187 0.040625
0 0.606641 0.446094 0.069531 0.048438
0 0.184766 0.446094 0.082031 0.067187
0 0.419922 0.448828 0.074219 0.050781
0 0.679688 0.453906 0.031250 0.026562
0 0.982812 0.455859 0.031250 0.033594
0 0.558594 0.456250 0.045312 0.040625
0 0.792969 0.457813 0.026562 0.009375
0 0.133203 0.460156 0.069531 0.067187
0 0.310156 0.464062 0.067187 0.040625
0 0.886719 0.467578 0.035937 0.028906
0 0.239063 0.467969 0.062500 0.057813
0 0.857812 0.473828 0.062500 0.050781
