0 0.253906 0.373047 0.045312 0.042969
0 0.192969 0.393750 0.048438 0.040625
0 0.915625 0.400000 0.062500 0.062500
0 0.137109 0.400000 0.042969 0.040625
0 0.514062 0.412891 0.040625 0.050781
0 0.668750 0.414453 0.062500 0.050781
0 0.050781 0.417969 0.048438 0.045312
0 0.101562 0.441797 0.053125 0.042969
0 0.210156 0.444141 0.048438 0.038281
0 0.033594 0.449609 0.045312 0.042969
0 0.268359 0.453516 0.055469 0.050781
0 0.553906 0.452734 0.067187 0.064844
0 0.717187 0.467187 0.062500 0.062500
0 0.373828 0.483594 0.060156 0.057813
