0 0.614062 0.432812 0.062500 0.031250
0 0.382422 0.443359 0.042969 0.033594
0 0.455078 0.444531 0.050781 0.048438
0 0.767578 0.444531 0.038281 0.035937
0 0.861719 0.444922 0.035937 0.046094
0 0.908594 0.446875 0.026562 0.021875
0 0.685547 0.448828 0.042969 0.028906
0 0.162891 0.449219 0.050781 0.048438
0 0.935547 0.450391 0.042969 0.028906
0 0.826562 0.453906 0.062500 0.048438
0 0.346094 0.455078 0.035937 0.038281
0 0.664844 0.455078 0.026562 0.019531
0 0.499609 0.457031 0.042969 0.035937
0 0.550000 0.462109 0.021875 0.011719
0 0.574609 0.461719 0.024219 0.017188
0 0.312500 0.467187 0.062500 0.043750
0 0.217969 0.475781 0.035937 0.026562
