0 0.564844 0.533203 0.045312 0.038281
0 0.057422 0.535937 0.033594 0.031250
0 0.800391 0.538281 0.038281 0.035937
0 0.969141 0.540625 0.038281 0.031250
0 0.901953 0.540234 0.028906 0.024219
0 0.635938 0.542969 0.031250 0.026562
0 0.396094 0.542969 0.045312 0.048438
0 0.675391 0.544922 0.028906 0.024219
0 0.223438 0.546875 0.031250 0.031250
0 0.244531 0.548828 0.017188 0.019531
0 0.457422 0.548828 0.024219 0.019531
0 0.277344 0.550000 0.045312 0.031250
0 0.339844 0.549219 0.026562 0.026562
0 0.491016 0.551172 0.028906 0.024219
0 0.745703 0.550391 0.019531 0.019531
0 0.523828 0.552734 0.038281 0.033594
0 0.313281 0.559375 0.048438 0.031250
0 0.717969 0.559375 0.045312 0.031250
0 0.127344 0.558594 0.045312 0.026562
0 0.076563 0.561719 0.031250 0.026562
