0 0.788281 0.279297 0.067187 0.064844
0 0.378125 0.385156 0.071875 0.076563
0 0.282422 0.439063 0.074219 0.084375
0 0.397656 0.442188 0.076563 0.062500
0 0.607812 0.514844 0.062500 0.057813
0 0.524609 0.529297 0.064844 0.055469
0 0.674609 0.553906 0.074219 0.076563
0 0.082422 0.646875 0.105469 0.115625
0 0.771094 0.684375 0.079687 0.084375
0 0.867188 0.743359 0.084375 0.074219
0 0.256641 0.751953 0.100781 0.122656
0 0.728125 0.802344 0.084375 0.107813
0 0.581250 0.808594 0.084375 0.107813
0 0.864062 0.143359 0.040625 0.064844
0 0.916797 0.163281 0.055469 0.048438
