0 0.931641 0.333594 0.069531 0.057813
0 0.663672 0.333594 0.042969 0.035937
0 0.711719 0.335156 0.048438 0.048438
0 0.560156 0.337500 0.057813 0.053125
0 0.413281 0.341016 0.057813 0.050781
0 0.494531 0.341406 0.035937 0.035937
0 0.010937 0.341797 0.021875 0.033594
0 0.099609 0.342969 0.055469 0.048438
0 0.850781 0.348047 0.089063 0.064844
0 0.529297 0.351562 0.042969 0.040625
0 0.762891 0.350781 0.050781 0.035937
0 0.198437 0.352344 0.040625 0.048438
0 0.301172 0.356250 0.042969 0.040625
0 0.182812 0.424609 0.053125 0.055469
