0 0.107031 0.391016 0.045312 0.038281
0 0.231641 0.402344 0.069531 0.048438
0 0.334375 0.408594 0.053125 0.035937
0 0.621094 0.409375 0.048438 0.043750
0 0.478906 0.410938 0.057813 0.040625
0 0.767578 0.415625 0.038281 0.040625
0 0.821875 0.416406 0.021875 0.017188
0 0.191797 0.416797 0.033594 0.024219
0 0.900000 0.424219 0.053125 0.048438
0 0.280859 0.425781 0.033594 0.026562
0 0.682031 0.425000 0.045312 0.040625
0 0.153906 0.427344 0.014063 0.017188
0 0.039844 0.432812 0.026562 0.021875
0 0.080469 0.435547 0.026562 0.014844
0 0.009375 0.439844 0.018750 0.017188
