0 0.053906 0.542969 0.035937 0.035937
0 0.899609 0.542969 0.033594 0.045312
0 0.800781 0.543750 0.048438 0.053125
0 0.397656 0.546484 0.045312 0.055469
0 0.563281 0.549219 0.048438 0.067187
0 0.638281 0.549219 0.035937 0.045312
0 0.677734 0.548828 0.033594 0.050781
0 0.969531 0.549219 0.048438 0.057813
0 0.276172 0.550781 0.033594 0.048438
0 0.493750 0.552344 0.031250 0.045312
0 0.228125 0.558594 0.031250 0.045312
0 0.720313 0.562500 0.040625 0.053125
0 0.083594 0.563281 0.035937 0.048438
0 0.521094 0.566016 0.035937 0.050781
0 0.134375 0.564844 0.040625 0.048438
0 0.316406 0.569531 0.045312 0.057813
