0 0.071484 0.369141 0.049219 0.116406
0 0.197266 0.357422 0.044531 0.121094
0 0.344922 0.373828 0.049219 0.125781
0 0.300781 0.444141 0.035937 0.097656
0 0.402734 0.453516 0.033594 0.107031
0 0.455078 0.392578 0.050781 0.107031
0 0.491797 0.413672 0.033594 0.102344
0 0.537109 0.467578 0.033594 0.097656
0 0.575391 0.444141 0.044531 0.107031
0 0.632031 0.406641 0.026562 0.097656
0 0.655859 0.434766 0.039844 0.116406
0 0.703906 0.406641 0.042188 0.125781
0 0.798047 0.444141 0.039844 0.097656
0 0.934766 0.441797 0.050781 0.130469
