0 0.683594 0.674219 0.073438 0.139063
0 0.895703 0.562500 0.063281 0.128125
0 0.497656 0.681641 0.082812 0.153906
0 0.736328 0.628516 0.063281 0.113281
0 0.945312 0.542969 0.056250 0.117188
0 0.185156 0.518359 0.060937 0.121094
0 0.182031 0.663281 0.060937 0.117188
0 0.619922 0.549609 0.058594 0.102344
0 0.267578 0.763672 0.085156 0.186719
0 0.778906 0.516016 0.060937 0.132031
0 0.533984 0.601172 0.067969 0.102344
0 0.296094 0.604297 0.051562 0.102344
0 0.557031 0.512891 0.051562 0.088281
0 0.461719 0.467578 0.048438 0.091406
0 0.422266 0.591016 0.053906 0.091406
