0 0.518750 0.340234 0.053125 0.092969
0 0.713281 0.455078 0.060937 0.110156
0 0.912109 0.330469 0.074219 0.120313
0 0.372656 0.476953 0.054688 0.107031
0 0.669531 0.342187 0.054688 0.103125
0 0.552734 0.428516 0.067969 0.110156
0 0.274219 0.427734 0.045312 0.089844
0 0.260156 0.288672 0.045312 0.083594
0 0.031250 0.411328 0.043750 0.063281
0 0.050781 0.355078 0.035937 0.057031
0 0.105469 0.399219 0.045312 0.076563
0 0.133203 0.323828 0.041406 0.060156
0 0.208594 0.416406 0.035937 0.079687
0 0.195703 0.320703 0.041406 0.066406
