0 0.931250 0.864844 0.106250 0.223438
0 0.730078 0.816797 0.103906 0.186719
0 0.645312 0.841016 0.093750 0.163281
0 0.035547 0.337109 0.067969 0.139844
0 0.107031 0.238672 0.085938 0.142969
0 0.209375 0.158594 0.065625 0.123438
0 0.203906 0.354297 0.079687 0.136719
0 0.195703 0.517578 0.088281 0.163281
0 0.325000 0.722656 0.084375 0.170313
0 0.450391 0.717578 0.088281 0.163281
0 0.562109 0.652734 0.096094 0.186719
0 0.302344 0.592969 0.079687 0.126562
0 0.366016 0.662500 0.088281 0.150000
0 0.586719 0.501563 0.079687 0.150000
0 0.467187 0.548438 0.078125 0.150000
0 0.412500 0.410547 0.084375 0.133594
0 0.303516 0.467187 0.082031 0.146875
0 0.589453 0.388281 0.082031 0.123438
0 0.290625 0.342969 0.078125 0.120313
0 0.281641 0.264453 0.088281 0.116406
0 0.357422 0.210938 0.067969 0.146875
0 0.364063 0.114844 0.071875 0.123438
0 0.492188 0.241016 0.071875 0.157031
0 0.696875 0.196875 0.065625 0.153125
0 0.578125 0.225781 0.071875 0.129688
0 0.539844 0.330469 0.064062 0.120313
0 0.664062 0.101562 0.071875 0.150000
0 0.481250 0.151562 0.065625 0.096875
0 0.527344 0.099609 0.070312 0.133594
0 0.901953 0.165234 0.060156 0.142969
