0 0.512891 0.105469 0.082031 0.160938
0 0.178906 0.617578 0.135937 0.219531
0 0.647266 0.658203 0.132031 0.225781
0 0.872656 0.152344 0.085938 0.148438
0 0.853906 0.530469 0.120313 0.192188
0 0.958984 0.117969 0.074219 0.142187
0 0.453906 0.188281 0.079687 0.157812
0 0.035937 0.197266 0.065625 0.219531
0 0.821875 0.244531 0.100000 0.198437
0 0.335156 0.091406 0.092188 0.176563
0 0.111328 0.361719 0.110156 0.207813
0 0.710156 0.166406 0.092188 0.126562
0 0.184766 0.180078 0.103906 0.216406
0 0.827734 0.078906 0.102344 0.151562
0 0.739453 0.660156 0.103906 0.179688
0 0.321094 0.331641 0.120313 0.216406
0 0.502734 0.280469 0.096094 0.195312
0 0.721875 0.292578 0.106250 0.232031
0 0.560937 0.352344 0.100000 0.151562
0 0.815234 0.482031 0.117969 0.207813
