0 0.763672 0.264453 0.102344 0.188281
0 0.903906 0.314453 0.064062 0.119531
0 0.466016 0.310156 0.047656 0.104688
0 0.650781 0.210938 0.114062 0.212500
0 0.196875 0.260156 0.078125 0.173437
0 0.589844 0.287500 0.057813 0.137500
0 0.410156 0.310156 0.042188 0.104688
0 0.382422 0.314844 0.046094 0.101562
0 0.978906 0.324609 0.042188 0.080469
0 0.086719 0.295312 0.170313 0.493750
0 0.300000 0.315625 0.034375 0.068750
0 0.338281 0.332422 0.035937 0.083594
0 0.553906 0.309766 0.035937 0.128906
0 0.524609 0.349219 0.046094 0.098437
