0 0.191016 0.604297 0.053906 0.089844
0 0.493750 0.552344 0.028125 0.048438
0 0.385156 0.566016 0.035937 0.050781
0 0.557813 0.588281 0.028125 0.048438
0 0.443750 0.597656 0.034375 0.035937
0 0.645703 0.551953 0.032031 0.066406
0 0.615625 0.570703 0.034375 0.066406
0 0.768750 0.557813 0.034375 0.068750
0 0.882031 0.555078 0.035937 0.066406
0 0.924609 0.542188 0.039844 0.068750
0 0.734766 0.554688 0.038281 0.068750
0 0.712500 0.559766 0.028125 0.057031
0 0.820703 0.548828 0.025781 0.063281
0 0.839844 0.564453 0.020313 0.053906
0 0.987500 0.557031 0.025000 0.045312
0 0.792969 0.539453 0.029687 0.057031
0 0.694922 0.558594 0.017969 0.048438
0 0.521875 0.564844 0.028125 0.042188
