0 0.390234 0.345703 0.074219 0.144531
0 0.949609 0.382031 0.061719 0.123438
0 0.144531 0.371094 0.064062 0.132812
0 0.473828 0.371484 0.060156 0.111719
0 0.197266 0.382422 0.053906 0.108594
0 0.889062 0.405859 0.056250 0.096094
0 0.739453 0.396484 0.053906 0.099219
0 0.632812 0.390625 0.050000 0.093750
0 0.808984 0.398438 0.046094 0.084375
0 0.343359 0.408984 0.052344 0.096094
0 0.299609 0.385547 0.039844 0.096094
0 0.110937 0.420312 0.043750 0.087500
0 0.581641 0.396875 0.038281 0.087500
0 0.509766 0.388672 0.038281 0.102344
