0 0.443359 0.430469 0.061719 0.120313
0 0.932422 0.554297 0.067969 0.099219
0 0.143359 0.431250 0.046094 0.075000
0 0.557031 0.437500 0.057813 0.081250
0 0.757031 0.455078 0.029687 0.050781
0 0.729688 0.394531 0.021875 0.035937
0 0.318359 0.398438 0.052344 0.075000
0 0.265625 0.462500 0.043750 0.084375
0 0.410938 0.433203 0.028125 0.063281
0 0.609766 0.416016 0.032031 0.050781
0 0.385937 0.383594 0.021875 0.045312
0 0.507422 0.394531 0.024219 0.029687
0 0.665234 0.371094 0.017969 0.039062
0 0.632812 0.322656 0.021875 0.039062
