0 0.375000 0.380469 0.056250 0.114062
0 0.058594 0.398438 0.035937 0.090625
0 0.429688 0.399609 0.043750 0.092969
0 0.739062 0.378516 0.043750 0.075781
0 0.097656 0.397656 0.042188 0.070312
0 0.021875 0.406250 0.034375 0.087500
0 0.171094 0.397656 0.029687 0.064062
0 0.203125 0.419141 0.043750 0.072656
0 0.271875 0.417969 0.043750 0.070312
0 0.509766 0.397266 0.053906 0.072656
0 0.577344 0.397656 0.042188 0.070312
0 0.667578 0.360938 0.038281 0.084375
0 0.701953 0.354687 0.032031 0.084375
0 0.782813 0.373437 0.043750 0.087500
