0 0.043359 0.336328 0.039844 0.060156
0 0.265234 0.351953 0.039844 0.066406
0 0.846094 0.276953 0.064062 0.125781
0 0.986328 0.269141 0.025781 0.141406
0 0.690234 0.316406 0.052344 0.114062
0 0.730859 0.302734 0.046094 0.102344
0 0.591016 0.308594 0.053906 0.117188
0 0.631641 0.305859 0.038281 0.096094
0 0.493750 0.321484 0.050000 0.096094
0 0.320703 0.356641 0.025781 0.060156
0 0.351562 0.387891 0.034375 0.066406
0 0.353516 0.323828 0.032031 0.066406
0 0.391797 0.367188 0.039844 0.078125
0 0.438672 0.321484 0.052344 0.096094
0 0.535156 0.318359 0.035937 0.089844
