0 0.826562 0.448437 0.056250 0.096875
0 0.461328 0.443750 0.047656 0.103125
0 0.162891 0.448047 0.053906 0.108594
0 0.314453 0.465625 0.047656 0.096875
0 0.217188 0.476562 0.034375 0.065625
0 0.349219 0.458594 0.029687 0.082812
0 0.499609 0.453516 0.039844 0.091406
0 0.619922 0.417187 0.052344 0.103125
0 0.689453 0.444922 0.038281 0.071094
0 0.661719 0.454688 0.029687 0.068750
0 0.772266 0.432422 0.038281 0.071094
0 0.943359 0.440625 0.039844 0.068750
0 0.861719 0.444531 0.035937 0.082812
0 0.387109 0.439453 0.046094 0.091406
0 0.552734 0.452344 0.024219 0.051562
0 0.578125 0.453516 0.028125 0.057031
