0 0.188672 0.452734 0.052344 0.092969
0 0.125391 0.473828 0.038281 0.066406
0 0.325781 0.475391 0.064062 0.107031
0 0.369922 0.439453 0.052344 0.085156
0 0.482422 0.461328 0.039844 0.069531
0 0.524609 0.457031 0.046094 0.082812
0 0.567578 0.444141 0.038281 0.066406
0 0.611719 0.439844 0.064062 0.101562
0 0.733594 0.430078 0.070312 0.107031
0 0.777734 0.442578 0.039844 0.069531
0 0.846094 0.435937 0.035937 0.071875
0 0.887109 0.425391 0.046094 0.088281
0 0.951172 0.432422 0.061719 0.096094
0 0.989844 0.426953 0.020313 0.069531
