0 0.013672 0.430469 0.024219 0.107813
0 0.457813 0.431641 0.065625 0.128906
0 0.260547 0.386328 0.067969 0.128906
0 0.152734 0.419531 0.074219 0.123438
0 0.102344 0.407031 0.064062 0.117188
0 0.178516 0.398047 0.038281 0.099219
0 0.337109 0.387109 0.074219 0.102344
0 0.378125 0.402734 0.043750 0.102344
0 0.518750 0.414844 0.056250 0.107813
0 0.589063 0.430469 0.078125 0.107813
0 0.649219 0.407422 0.057813 0.092969
0 0.712891 0.421094 0.053906 0.114062
0 0.767969 0.448047 0.057813 0.096094
0 0.814453 0.451562 0.047656 0.084375
0 0.869922 0.433984 0.052344 0.086719
0 0.939844 0.455859 0.057813 0.102344
0 0.971875 0.457813 0.028125 0.081250
