0 0.257422 0.854688 0.096094 0.137500
0 0.078125 0.715625 0.100000 0.134375
0 0.582031 0.930859 0.085938 0.121094
0 0.398438 0.433594 0.071875 0.101562
0 0.666797 0.578906 0.074219 0.101562
0 0.788672 0.204687 0.061719 0.090625
0 0.778906 0.746875 0.079687 0.093750
0 0.610547 0.531250 0.052344 0.090625
0 0.377734 0.358203 0.061719 0.085156
0 0.283594 0.418750 0.070312 0.090625
0 0.526953 0.548438 0.053906 0.090625
0 0.728906 0.929297 0.092188 0.121094
0 0.871484 0.840234 0.089844 0.099219
0 0.907031 0.149609 0.064062 0.096094
0 0.915625 0.047266 0.056250 0.082031
0 0.867578 0.030469 0.060156 0.054688
