0 0.808203 0.210938 0.075781 0.140625
0 0.947656 0.512891 0.085938 0.122656
0 0.487109 0.208203 0.052344 0.097656
0 0.406250 0.368750 0.062500 0.093750
0 0.750000 0.272266 0.084375 0.147656
0 0.961719 0.397266 0.064062 0.122656
0 0.225000 0.419922 0.043750 0.061719
0 0.176172 0.398828 0.039844 0.075781
0 0.470313 0.349219 0.034375 0.082812
0 0.771484 0.368359 0.052344 0.108594
0 0.267188 0.240234 0.034375 0.061719
0 0.217578 0.250391 0.038281 0.053906
0 0.127734 0.401172 0.039844 0.064844
0 0.596094 0.354687 0.048438 0.093750
0 0.247656 0.373047 0.035937 0.061719
0 0.310156 0.342969 0.029687 0.057813
