0 0.725391 0.426172 0.047656 0.096094
0 0.167578 0.411719 0.053906 0.098437
0 0.443359 0.397266 0.046094 0.085156
0 0.294531 0.423438 0.035937 0.071875
0 0.371875 0.414844 0.043750 0.082812
0 0.505859 0.412891 0.039844 0.085156
0 0.024609 0.328906 0.046094 0.207813
0 0.554297 0.442188 0.039844 0.071875
0 0.475000 0.418750 0.034375 0.075000
0 0.634375 0.445312 0.043750 0.075000
0 0.591016 0.464062 0.038281 0.075000
0 0.690234 0.446875 0.039844 0.071875
0 0.779687 0.457031 0.050000 0.082812
0 0.789844 0.411328 0.042188 0.066406
0 0.878516 0.401953 0.047656 0.085156
