0 0.864062 0.524609 0.150000 0.208594
0 0.574609 0.528125 0.061719 0.103125
0 0.702734 0.666016 0.089844 0.132031
0 0.514844 0.485547 0.057813 0.111719
0 0.127344 0.469531 0.042188 0.079687
0 0.151562 0.480469 0.034375 0.070312
0 0.163672 0.429297 0.039844 0.058594
0 0.436328 0.463672 0.053906 0.067969
0 0.710156 0.377734 0.035937 0.067969
0 0.739062 0.394922 0.034375 0.061719
0 0.671094 0.360547 0.035937 0.061719
0 0.594531 0.396875 0.035937 0.046875
0 0.373828 0.434375 0.032031 0.050000
0 0.201953 0.429688 0.032031 0.053125
