0 0.196875 0.341406 0.065625 0.123438
0 0.870313 0.366406 0.056250 0.107813
0 0.381641 0.374219 0.053906 0.117188
0 0.789453 0.378906 0.053906 0.107813
0 0.177734 0.125781 0.052344 0.117188
0 0.315625 0.352734 0.056250 0.092969
0 0.267578 0.175000 0.047656 0.078125
0 0.449609 0.351172 0.046094 0.096094
0 0.489453 0.374609 0.053906 0.105469
0 0.538672 0.369531 0.039844 0.107813
0 0.571484 0.386719 0.061719 0.110937
0 0.666016 0.382422 0.047656 0.092969
0 0.729297 0.387109 0.052344 0.102344
0 0.618359 0.358984 0.046094 0.086719
