0 0.247266 0.607422 0.082031 0.111719
0 0.641016 0.492578 0.097656 0.160156
0 0.068750 0.286328 0.065625 0.103906
0 0.187500 0.440625 0.093750 0.128125
0 0.417578 0.384766 0.075781 0.088281
0 0.267188 0.296484 0.050000 0.096094
0 0.305469 0.210938 0.042188 0.075000
0 0.882031 0.215234 0.035937 0.061719
0 0.776953 0.224609 0.038281 0.042969
0 0.450781 0.172266 0.029687 0.050781
0 0.545312 0.156641 0.021875 0.047656
0 0.652344 0.248047 0.035937 0.042969
0 0.560547 0.239063 0.039844 0.034375
0 0.612891 0.188672 0.038281 0.061719
