0 0.587109 0.306641 0.024219 0.057031
0 0.433984 0.307422 0.036719 0.064844
0 0.239063 0.315234 0.040625 0.064844
0 0.476172 0.345313 0.036719 0.093750
0 0.175000 0.351562 0.046875 0.090625
0 0.561328 0.356250 0.035156 0.087500
0 0.383203 0.367578 0.041406 0.082031
0 0.281641 0.378125 0.047656 0.087500
0 0.069922 0.387500 0.055469 0.087500
0 0.634766 0.398438 0.047656 0.093750
0 0.126172 0.436719 0.052344 0.073437
0 0.327734 0.439453 0.049219 0.085156
0 0.435547 0.442969 0.049219 0.079687
0 0.221484 0.455859 0.058594 0.096094
0 0.524609 0.461719 0.052344 0.107813
0 0.348437 0.280078 0.037500 0.085156
