0 0.831731 0.320482 0.081731 0.101205
0 0.114183 0.332530 0.069712 0.091566
0 0.629808 0.343373 0.067308 0.089157
0 0.344952 0.338554 0.064904 0.089157
0 0.506010 0.348193 0.060096 0.093976
0 0.457933 0.339759 0.050481 0.086747
0 0.705529 0.374699 0.045673 0.055422
0 0.752404 0.369880 0.038462 0.055422
0 0.832933 0.032530 0.084135 0.065060
0 0.112981 0.024096 0.072115 0.048193
0 0.631010 0.018072 0.069712 0.036145
0 0.343750 0.020482 0.067308 0.040964
0 0.504808 0.016867 0.062500 0.033735
0 0.456731 0.019277 0.052885 0.038554
