0 0.443510 0.451807 0.060096 0.079518
0 0.930288 0.536145 0.067308 0.065060
0 0.143029 0.453012 0.045673 0.048193
0 0.555288 0.457831 0.057692 0.053012
0 0.754808 0.469880 0.028846 0.033735
0 0.729567 0.427711 0.021635 0.021687
0 0.318510 0.431325 0.050481 0.048193
0 0.264423 0.475904 0.043269 0.055422
0 0.409856 0.456627 0.026442 0.040964
0 0.609375 0.443373 0.031250 0.033735
0 0.385817 0.421687 0.021635 0.028916
0 0.508413 0.426506 0.021635 0.019277
0 0.664663 0.412048 0.016827 0.024096
0 0.633413 0.380723 0.021635 0.024096
