0 0.512019 0.243990 0.081731 0.103365
0 0.177885 0.573317 0.134615 0.141827
0 0.646635 0.598558 0.129808 0.144231
0 0.873798 0.272837 0.084135 0.093750
0 0.854567 0.518029 0.117788 0.122596
0 0.956731 0.250000 0.072115 0.091346
0 0.453125 0.295673 0.079327 0.100962
0 0.034856 0.301683 0.064904 0.141827
0 0.820913 0.332933 0.098558 0.127404
0 0.331731 0.234375 0.091346 0.112981
0 0.111779 0.407452 0.108173 0.132212
0 0.709135 0.281250 0.091346 0.081731
0 0.183894 0.290865 0.103365 0.139423
0 0.826923 0.225962 0.100962 0.096154
0 0.739183 0.600962 0.103365 0.115385
0 0.320913 0.389423 0.117788 0.139423
0 0.501202 0.355769 0.093750 0.125000
0 0.718750 0.362981 0.105769 0.149038
0 0.558894 0.401442 0.098558 0.096154
0 0.816106 0.486779 0.117788 0.132212
0 0.512019 0.109375 0.081731 0.103365
0 0.873798 0.080529 0.084135 0.093750
0 0.956731 0.100962 0.072115 0.091346
0 0.453125 0.055288 0.079327 0.100962
0 0.033654 0.061298 0.067308 0.122596
0 0.819712 0.042067 0.100962 0.084135
0 0.331731 0.118990 0.091346 0.112981
0 0.709135 0.069712 0.091346 0.081731
0 0.182692 0.066106 0.105769 0.132212
0 0.826923 0.125000 0.100962 0.096154
0 0.319712 0.016827 0.120192 0.033654
0 0.500000 0.030048 0.096154 0.060096
0 0.719952 0.032452 0.108173 0.064904
